1553849348
7858302
556241754
16394755
21492443
1429059398
223416174
188491998
1022038249
865984804621361152
593673755
365126390
796700769424703488
2356904508
605434880
4285159095
29816407
545174567
194607562
2187061903
1362639372
113301671
573918122
1157145588
771634088
27876170
957106636832854016
257201917
8622212
726312055
507356334
1553849348
8622212
3266266034
1553849348
15330022
441292696
8622212
18204778
905891137470119936
69053
18174210
837291039786479617
73412392
14368074
2220246115
27876170
281426689
13493142
22517877
2390651
8622212
72508776
22517877
776929206219399168
1483677415
57750835
72508776
904517796
573918122
939418096325951489
892198522912739329
573918122
1107307354457018368
322207370
867042156
17503069
753557032368795649
777850443598794752
18841040
8622212
15866188
