959341582158671872
288683914
1106818242058833921
2483168186
2880645869
976981661580742656
910399871823224832
219539522
107647669
751697165769113600
2344025868
2894846011
489634197
258252994
319835547
44217734
1030618899761385473
2326199094
251097858
11253262
272979418
15076847
853942422182785024
2237816180
1314875857
542277246
18637035
959815778693537793
207061788
390278440
541653702
1001305814978641921
4097216354
986710876421050369
3390211994
1721492112
797369771146743808
921594663869480960
1010465856692686848
951327320
385937078
28996678
14108352
1449789158
2456825562
105981838
3253494086
56962124
1085762766542123008
311891667
37371072
984320437466234881
859033187309109248
924482395658534912
20791002
899407960409067522
726734305796481025
186454170
1383027030
47015835
827032117217460224
999158030469074950
14748364
16811492
914842930203856897
99029384
1609545636
1026994958023061504
96163874
270545883
615020716
1113020725462528005
953977598224187392
120000747
103244785
250113542
330948542
45364317
209305032
2894846011
1109674726136397830
1457821176
944747196481552385
833010178782064640
275246261
58468460
797369771146743808
4377597732
526387646
87105486
859033187309109248
704684088351916036
2318543304
615020716
1027236800102686725
479319185
378511826
464550570
606526925
46318495
275099014
754957907276333056
47567273
1476123834
43266567
1045903579972743169
894838959536254976
2324473777
1085789276741103618
1081921802870370311
49085157
122084840
77565074
176068762
170002849
2370613668
217660532
747946571585695744
149480922
631798334
40025354
189369353
1096121269471379457
1252943923
1104390766158241792
797763734089277440
849511084159639552
2229643991
27493797
1860532266
2741736897
1065818294
296596810
2152460449
4554227120
884435556439949312
846337833992306688
1072563247369334784
101439437
719232107
546056865
275099014
192246067
1111401360430264323
2906908831
99828671
1562496577
701858636184866817
179977508
190563405
4883670077
28078912
724136744178847745
342615058
830221182226034689
2188913177
2369467405
1533608779
84932964
845336630
14855250
2874905844
193771202
868218691397275650
3432606731
405035873
1108005323623661568
2468200909
23775251
1107709103206473728
253943080
998426677972615169
843311470700105729
3681055455
936183165038878720
2223296490
711877413886697472
923437363748933632
389391431
798178634
2894846011
887294256666353664
14968912
777130002001174528
968142979
3094232313
849268668290797569
223768198
139068659
971656580331720704
586475550
809072822593212416
735473855423250432
973634295020564481
896927276
1020193871915974656
907041860031365120
2993731293
83082431
279394371
176068762
756085899004436480
1015231408573374465
275099014
937038533461544960
1081572330
1574766889
2196166330
31607232
2906908831
99828671
2992468589
771018166617059328
968444500581462017
179977508
870518390342811649
3063799075
70692957
186141155
724136744178847745
342615058
1596045211
830221182226034689
174386360
845336630
3490296074
22623627
936183165038878720
69254763
1526305820
1136559678
69810960
436128878
958505839308038144
14968912
1112334877
1101867068712988673
29932100
2578185314
246777490
971656580331720704
809072822593212416
1059562738165399553
735473855423250432
973634295020564481
915123522808270848
2324526006
1100322714445848576
49752277
735958012288851972
331599508
371379014
1662246997
1092251092845502464
915771283882872833
1008816427212722177
355680973
395706017
2842295408
954441801573830657
615462381
559008703
86181864
2463291183
315899891
303644550
976724408
3432827393
7381972
965962579372896256
142542639
22048180
405088965
1113544357192323072
55655340
887664754831085568
22824243
1049312268796743680
704518330325954560
1060510851889750022
913811912554680320
973235973189447681
232757559
2906908831
179977508
236449426
838348717300285440
186141155
724136744178847745
342615058
712900418481696768
137542377
174386360
2980951019
1109746908401012736
453610941
33156389
1112262995340656640
878867512611422208
575854813
35938878
559008703
1045893650
868167272988368897
2955023673
330570168
2300117359
1073453234122092546
2500233264
4836879915
1113493196082954241
2563495249
3066525217
751139635036884993
714831137315524608
3111946806
784770859252658180
21965751
15832794
922455185372332033
1112625552114933760
2890477379
882404732
289888218
767586541
317741459
1011382772152393728
235654473
2148312943
58495099
1174307971
526574604
2266023920
420704981
854982878651920384
2527981675
863424078983581702
125145217
3550793303
41602054
945867740274884610
241641589
1049312268796743680
1060510851889750022
495911471
2906908831
179977508
724136744178847745
342615058
225400910
582421353
1241657436
1073453234122092546
915771283882872833
798789541
1045893650
1894016228
2955023673
2300117359
1240867926
1113493196082954241
1077939761308938240
45673215
922455185372332033
718942959266177024
1112870893863133184
704143243395670016
909123959228006400
836898809695199232
922720793448058887
1049680093554073601
66744054
2874416078
781961216
708793817906810880
107203934
1024207836
445213989
1042511690724720641
113410319
1106425423951482880
711877413886697472
505303266
99828671
1111743831551238145
1034960332018593792
108305936
83844486
58795705
322191521
203686821
320960101
2447141858
22824243
3438496744
4127655742
28541590
758715682469076992
25204382
847645599000174592
1112634449479389184
491058269
1088077452
179977508
5888522
724136744178847745
951961892670484481
342615058
807957037
40667481
995119705
57133412
713442556131024898
989640248
1785583254
829882861717106689
35938878
1113493196082954241
733663903339675648
142797140
922455185372332033
66247338
51257648
1112870893863133184
922720793448058887
1957694118
3073451887
1976331800
956191115241238529
2606297070
113410319
1091465970965712898
22295360
99828671
1111743831551238145
1940913212
1101915633367826432
2447141858
22824243
1030603717
28541590
1092458983288463362
1334261346
1070863950126960641
1278675066
1268672341
853261468678205443
1112359636043268096
907668078481235968
317976564
123527289
851211143238602754
388679946
408112541
2380753334
1160605580
757075497368948737
302298523
4054923796
34777153
242891724
1886146472
21253123
737311736
745684092
800451050595438592
1112241016793374721
950125947604340736
296099596
791145456785121280
908952663147950080
454549995
1243023313
782279402260267008
3324166458
2974665983
1036816302680301568
227735339
724803003442581504
2413084066
703001594007130112
1577207383
2867317885
153315130
2901186159
1594537363
107625214
2312872291
735789963086815232
216389266
2593635763
827290391665852416
30439616
540245338
21154813
2570915018
2906908831
19097189
28816206
43930789
1203921
1646372772
469338840
210630679
211634104
18125099
442477682
49803029
35889464
1148981678
2277627943
232625039
491058269
772651940
179977508
824844431291404288
82565634
503923934
173766966
635556813
566923
69603166
4890216136
2419766311
1963720508
984569551689052161
758747514551939073
15084013
28155908
40326161
1105922274933248002
1064229466208010240
333397232
49208693
574837577
705078153027321856
14289431
911212914069172225
892685110755172353
104690576
39169404
155348477
265742610
1055296458914754561
913087626126688257
107147249
33574174
752978397848973312
713925426683518976
3182684965
275099014
4013929273
1081572330
491058269
2906908831
179977508
186141155
724136744178847745
342615058
1113800692395851776
57133412
2222506532
888848919953891329
412768500
718470996899049472
2789194750
922455185372332033
1086081002487701504
1379614795
842814927379333120
922720793448058887
51909225
113410319
1091465970965712898
867685194526011392
3181706069
1112359636043268096
1030603717
41760197
1092458983288463362
3000484423
1334261346
1070863950126960641
2767028661
1278675066
853261468678205443
1056947062074413058
286036232
1063191421937684481
48454798
302298523
969280269990727680
950345934449373184
800451050595438592
296099596
791145456785121280
890741977469169665
454549995
498455578
1044943105865252866
1526151408
258450414
2368503871
1581463501
4328398152
971972320905510912
1395202524
44930073
4153371153
179986211
409604495
228556751
900495251181273088
1069022209920905218
897270764537344001
54479718
2521161222
1077965512317984768
1018202487227142148
20145863
727876450293035008
72632136
287492573
90908963
2572772035
231397329
1104809591005564928
15613733
4013929273
1081572330
491058269
772651940
179977508
2947607598
724136744178847745
342615058
855894793
487156945
398910961
302700202
15529255
2232175492
2932997429
57133412
30106118
98421007
65892374
724772220547911680
4186091697
384052611
39750956
35938878
633007599
3289873649
159024216
3266572207
18843693
472151118
894275212564475906
733663903339675648
2824770342
142797140
922455185372332033
1066146253468102657
816701699977052161
177306505
757992105126072321
19826570
19264136
735852703914569728
21994671
1928268348
16858860
45538042
1912570946
770448442447409152
1406131104
538418528
779366034528542720
16667056
179843265
1091927376630444033
52051211
44147581
922720793448058887
2341253739
762395514
1482729984
14641788
1011961977030115328
366120243
2218034431
960726072466669568
96973482
701818008583413760
1478244498
856416791479934976
964187743
983100854982062080
953977598224187392
867842479738900480
789923084702740480
44063126
795933922509078528
1104045641322377216
16463353
14454131
758362893997920256
724136744178847745
1032307001160814593
38287950
400578896
36637809
922720793448058887
933384230553387008
783756281450553344
1111743831551238145
1857682903
1092458983288463362
853261468678205443
316674508
1060829793006940160
610178685
1112241016793374721
2305879171
796935194942943233
6761862
20748101
17056659
228556751
3246498805
893006277902827520
15720449
784103636162994176
626747374
113471876
3007297062
876444534
273560800
23698372
2874919912
1111928087179087872
559008703
712659985763868672
776426293843853312
3334379680
15221331
1070831267464339456
1275513672
131289500
880111831989317632
743990634587918337
1020078867569102848
2681647628
719127187
64911072
2477489533
40285961
21389328
1096889150
981183063219634176
3432613756
2236412437
35816778
2593635763
705078153027321856
1094060420350894080
1043530248
1008149760086142976
633386810
2693404599
3173314336
823434812572762112
807957037
875755998
174126205
834092002983682048
4054429692
120159197
549619562
4892635603
1002577357104967680
3407376472
713127503351713793
94207009
346361179
389719516
1104797777102495744
186141155
724136744178847745
342615058
1648545463
773607406551072769
2300117359
400578896
922455185372332033
938280505249853441
284718171
716631848
80885440
992797961603244032
783756281450553344
316477456
269594401
1857682903
248755285
25204382
863102998754480128
853261468678205443
316674508
1059877436966531072
912703216403533824
45587271
610178685
982464824
846225120616038400
199176205
1109879810594099201
20850965
6761862
832019161454817280
881018851
20498246
832701848
814038072
226798549
228556751
30833016
1043331122921447424
2270905347
22363887
14099882
272913143
3139661193
255855842
273560800
38218953
3041409963
2880032187
52764059
619603619
2874919912
37956761
875122621
1111928087179087872
1277063257
1073261955216039937
2562240601
559008703
712659985763868672
3334379680
333022217
450779204
1070831267464339456
57282606
2280134821
1935460128
30726824
3431531824
1020078867569102848
64911072
2477489533
21389328
981183063219634176
3432613756
338620688
381044346
467153131
305517960
2955023673
922455185372332033
3055975699
1024362426307895297
2316933966
86252084
853261468678205443
1060829793006940160
45587271
86577298
1109879810594099201
1673256840
599583890
734085780168151041
1094060420350894080
3173314336
2855025911
1308781346
1016948124600791040
1089860671766962176
714112454188371968
7038012
937364727843512321
1039887855756238849
3298395619
451319263
1102212331977744384
210569454
2578599404
872745202355589120
1011636764602130434
288614169
834125713141878785
2755116151
3343407676
804740013888049152
48977827
712976583842136064
993520008
3598960457
3186724807
2488352809
296511533
4886682042
936593675563470849
890916988993798145
1107431258324381697
4168311618
711896032590700544
487438183
4320708374
908921259269984256
215296117
326175408
3086939139
887421030
1018420831985127426
84811870
2939147671
937565119051046917
962320448238350337
928598283160764416
285089869
922455185372332033
741579337678229504
2929253245
239383865
935935955399143424
902984066219335680
1016518011094798336
865424555434749952
2307939592
853261468678205443
20668022
1100312589668704256
227716526
423234077
246576617
3007498243
1060829793006940160
2895489596
851170274
3065018696
1111928087179087872
880624531500482561
786253075392696320
802766460040966144
1572190250
910481988338933760
1112241016793374721
224665664
394162289
3224244236
1109879810594099201
344136693
1104761611770687488
289989776
116818649
1084157474184269824
873550366104633344
995569244
559008703
704973568988188672
2460797942
802625862
269668696
2872711267
1497671666
4331353215
238448916
2454313106
816689591516164096
133369535
1094060420350894080
599666249
107548394
162790124
1054911139421683712
2499167959
351803535
1065158682898423808
29280012
2937755647
41602054
960116990894632961
37022814
111904802
100520019
3317651218
951995472692023296
256006980
973833531767083009
436726347
708626978
1407238380
213216284
966516245804830720
911679147616870401
1365629306
297982730
990685549114675200
1074965152955580416
141913504
1100407587944550401
3191916761
968528655201714176
86504632
753683568098803712
1265374076
633039214
213702445
14873013
284501223
24775932
721966427759108096
117846015
259358672
889505785201479680
993185198081638403
818344241982296064
14797278
966361524909457408
1616700330
2467898994
3298104725
926514007
1030603717
846815885994201088
1108730793684291584
149300800
2523785305
194615287
3059997702
1710311574
112174283
914842930203856897
797763734089277440
237114145
1597650079
852983456
76933184
1886848574
100208014
798576662627618817
1008966762795110400
711877413886697472
887872804481191936
373499262
863712010621636608
1079015089125023744
724136744178847745
922455185372332033
853261468678205443
1111928087179087872
1094060420350894080
1016948124600791040
208383781
936593675563470849
1500340964
3230820060
1086938824486342656
2965608929
118927550
20412301
1031979322750525440
258788589
1087432422080147456
1109692162952708096
744274952665374720
1107639226932310016
507762620
349523316
3173314336
2700598297
896659797260484608
1116779958
868218691397275650
1067662381344415744
2838763282
846815885994201088
22824243
2627853081
1091717143765360642
751697165769113600
2741736897
23775251
969573611127431168
2345427502
2226983242
893098524
1010465856692686848
2411431322
187147504
83152366
870518390342811649
1079960558487535617
914842930203856897
355680973
1029733508502179841
2894846011
107203934
1089196008641384450
18325763
1020193871915974656
451103923
869279012698193920
106880118
2178381952
1308441932
1044503927687761921
724136744178847745
2724869874
2955023673
922455185372332033
853261468678205443
851104461376417795
1111928087179087872
1109879810594099201
901126483954941952
1020193871915974656
1094060420350894080
767586541
1016948124600791040
1011454592058626049
711877413886697472
3317795038
936593675563470849
3230820060
716376338115010561
1103068139733037056
116892396
493025161
1086938824486342656
1573249092
22824243
2231562674
1080025126911922176
1351531710
127589967
470186183
3145507640
342568341
778782218000994304
26755556
42905153
595602966
882935568736190464
224507236
1055779080744906754
45731622
744274952665374720
3456335354
247561955
1088804764182298625
795933922509078528
176068762
507762620
973220950333444096
1093645703425929216
985967834508357632
1617160538
351541060
3173314336
756492782
896659797260484608
483566913
181591903
724136744178847745
2955023673
2724869874
922455185372332033
404044180
588205363
352843191
24894001
853261468678205443
1111928087179087872
274072798
753434406
559008703
1060829793006940160
2876290368
1099314494159966208
956469086002798592
1110465908638515200
1016948124600791040
770346802935717893
261178501
878506059714920448
47327849
208383781
936593675563470849
22854642
1041001019419840512
245368949
3353124232
166613617
370230231
1339814612
925782563704229888
896977474780712960
776521980237516800
1086938824486342656
783756281450553344
20107602
755923618861690880
3047682038
20412301
18552473
3262202882
1101654902
933595255986778112
729364373777448960
2897358989
760102279420731392
1053507410
977757470650257408
176322661
520560681
1105960409750740997
259240479
215461216
4048316031
2834842718
1024259730
862960293474906113
21605324
103602103
983285190
1510027699
1876822236
1682158316
401956192
585146686
412518721
1036858204116856832
599666249
4013929273
724136744178847745
130448455
545213976
1867664132
809564371919597568
3173424677
2955023673
812012278941880320
922455185372332033
1112187126
2565293534
2827433618
2689958982
14751352
956327541995745285
95715569
914227084356075520
2724869874
1046730168704880641
2409650383
2209232398
594625432
25204382
852093670488653824
1407656845
130210237
74442257
175746491
1060829793006940160
1583207328
851104461376417795
319120082
4913141584
1108629971231215616
803947017672212480
58403964
347933189
4121295303
3647774179
1041680422000713728
2920838863
3171239508
559008703
81111206
499370978
789726732886609920
3068084710
1105396744634945536
3227955966
3237862274
1110465908638515200
3031080352
1016948124600791040
28313794
83683148
1021023056
82486477
1039625032983502848
861324685904146432
993520008
911099553868267520
61283947
782103922651516928
35222726
936593675563470849
1088108144889380866
182041997
2885072188
120218052
1095191758810472448
803150700481908736
2724869874
25204382
1107974523859677184
249154725
1110465908638515200
993520008
936593675563470849
34308371
1086938824486342656
2359274827
1324992859
385445589
68233990
394876726
744274952665374720
507762620
1091717143765360642
25592598
7832642
348780432
914944508
60801171
1173824917
432957426
2447141858
714021608
1020389185457459200
15145521
1107639226932310016
22824243
2234874707
2345427502
960116990894632961
1108160118884102144
268809910
1107390130497699841
1122634170
431747125
282289509
309404463
78870092
4114567720
181591903
2178381952
2298786558
30959005
870740071112220672
258788589
1931625937
1107727970695815170
754891850432020481
1103427112051056640
1107705510038511616
1107697523513352192
1107693457508876288
1107682808112312320
821015184890298370
1107666387789639681
1107661075229614080
1107660565890117632
83844486
845336630
1107635735249723392
1107633353723920384
134870915
3130604237
1107613173673279489
27113919
1107602181170126848
922455185372332033
867489643104686081
971329916
1578464323
2724869874
1111928087179087872
1110465908638515200
2537546823
993520008
208383781
353265468
1063070601986760705
4132949595
1732967942
960116990894632961
1085077543953276928
977757470650257408
1038786644474769408
781182228311085056
744274952665374720
782209340019085312
507762620
197060286
2895726730
2788920002
78797953
1091717143765360642
2411431322
348780432
2882716756
709524198616477696
16297067
2829989565
2577019868
4902640711
22824243
429874282
113471876
1251901214
708732361358200832
977029548
2600447136
2227270776
77248880
1122634170
78870092
1064925840872534017
2178381952
1487180286
314849593
814058870
1286970006
842312352141852673
874731
1107666557004468224
147832930
1039144314830565379
963937453
2724869874
1110465908638515200
961975476322521098
397727808
1045792623351410688
245729418
370230231
98713959
763145418
940622989854306304
1072909860642148352
340327325
890610253670354945
497838625
1564268322
169089942
2480707669
21680403
2565243084
259725229
1110475275710533632
776585707
1086354785727643648
741202925335240704
3262202882
729364373777448960
2359274827
238047011
789424826486226945
1876822236
933384230553387008
744274952665374720
3456335354
1107360363958415361
507762620
1093645703425929216
773343421
1265270066
1550530650
348780432
2447141858
1004771830295646210
755949947686531072
2577019868
22824243
41760197
944450019125551104
1107390130497699841
1122634170
1088126685915041792
78870092
397464109
1050063531549384705
1906552158
859336468992413697
121840059
136260455
993208128
2462921451
2250287646
358698072
359879240
977400935872847872
95237896
837772065285419008
724136744178847745
2724869874
1110465908638515200
397727808
243526694
744274952665374720
507762620
1091717143765360642
348780432
46899351
944450019125551104
2676481292
883674948287385600
1107390130497699841
1122634170
78870092
2178381952
898497007169323009
3210613432
2468200909
1104893738336305156
1006547543000535040
3437860767
2570716842
1439067241
1307985864
1169961914
1105910065616216064
2519065502
107203934
1105690596914561024
325016010
1102669822540816384
2416101300
1103712411075469313
559008703
99828671
68160779
845336630
2411431322
587797339
3168378397
258788589
3092903529
1041001019419840512
113410319
1307298884
66744054
929069977612713984
1860532266
283633847
1699584223
914650400350859265
1251901214
1457106422
480271866
2712674750
1108840187604406276
1111928087179087872
1110465908638515200
508075044
397727808
2724869874
386652145
4132949595
960116990894632961
2231562674
342615058
96020356
1219937810
3456335354
507762620
402203787
2788920002
164544796
404142291
330505527
969756142787207170
271489997
782128544
375197461
2345427502
113471876
978910998424903680
906471212959793152
1598929550
1122634170
52497887
991845919439163392
78870092
2178381952
1687580473
758646617289400320
885932426
1103185490147041280
35282388
1095041440877551616
2241623081
390679236
172364385
265743594
1563407858
3303597427
1038444191703920640
932899561
1091424774
2358933552
107203934
3065552149
2416101300
333591510
559008703
2599944230
130943768
68160779
18778984
1095259609672093696
79752512
1110465908638515200
2724869874
960116990894632961
507762620
364390941
1122634170
1088126685915041792
508959771
78870092
326207853
2298786558
2731200916
325016010
2416101300
559008703
3341505293
1103292908105617408
766470058289860609
1010517751012773889
113410319
773136042534834176
711598517920387072
2204226218
1088699631880433664
1062839608189292544
803004404
712214428633079808
793491400406990848
190430632
1099595768602734598
340516221
3166793929
966193298644832257
1083296458567086080
3191916761
1088547439336964102
99828671
345892987
2799126266
2920081095
781961216
1946142096
270713416
1399275632
191914363
61959447
480593021
1098469269963079682
20420519
106880118
891778750450245632
27098701
1094605979306680320
724136744178847745
796140401598021632
25204382
3230820060
3165807880
2724869874
118927550
3411259913
507762620
1004385788744863744
33071870
85233317
873771902
2577019868
1122634170
78870092
123865262
842312352141852673
2731200916
325016010
2416101300
1103712411075469313
559008703
2896124082
3082163842
113410319
1099709110763905025
873084307
183745148
1062839608189292544
19398169
931897446053044224
1086925594439217152
384709726
1052776464163266560
2981997615
2799126266
2920081095
1049353087117381634
277532451
133328842
106880118
72454254
107203934
23337091
3294292045
984364598043144192
758793577
827526409165926401
65614780
1050297379394600961
2518450309
388818862
891669583060496385
986249828547080192
886673975404789762
1104900452708163584
258788589
776827989690490880
724136744178847745
731398284430979073
1036721035
25204382
16982091
960116990894632961
2724869874
719704800296857600
507762620
33071870
908331462
1107390130497699841
3244504141
1122634170
78870092
2731200916
325016010
1087788169242820610
2416101300
766470058289860609
745630109319626752
2896124082
3082163842
113410319
1251901214
987887823217868800
739464099000688641
1090081127514030080
3181320635
462077348
730078692072931328
2887505874
29755153
1086925594439217152
737980502
57649619
1083296458567086080
3191916761
1079960558487535617
99828671
748505204
1860532266
97879952
759387027007680512
837772065285419008
1085277435233329163
107203934
143959041
1335800419
822462326641229825
3294271028
3294292045
1072134411728998401
987909143913693185
1103800516981620739
1876822236
2724869874
507762620
760702046890762241
992500842
2731200916
325016010
2416101300
2896124082
3082163842
113410319
4200216325
2433530695
1106127361165025280
314849593
1103367696094318592
2920081095
4498109545
3260849618
97879952
844588984487567360
107203934
2151285392
1104893738336305156
776827989690490880
2701881606
588255403
41760197
716577519785394176
962183329893122048
607238902
868218691397275650
845336630
3277021746
2221148335
116092562
232567969
2447141858
855153555837251585
95522567
914553998614466560
968773510016446464
134072748
18519823
389391431
1963878001
241400860
842814927379333120
840405578090446848
552487205
3432606731
925011933111226369
903056023354609664
283012168
1103953237093302272
1010465856692686848
1020615169532137473
76794979
1583207328
155744723
208383781
781182228311085056
443339604
2724869874
507762620
2788920002
1100167615945691138
429874282
1122634170
78870092
4099642099
2213800896
2468200909
47858151
2731200916
1042138214767775745
325016010
2416101300
425580734
766470058289860609
68160779
1012330223302598656
746316676824727552
866825218228092929
1064956958
1104977561166073858
1062839608189292544
1105779373439926272
97879952
21512592
3280419312
84535831
263683542
125888572
90977229
301431038
3432914193
776827989690490880
1102632858609377280
2701881606
3402520873
629514737
555607989
866010854
870086683407958016
1027935749033811968
727293942
66744054
206295705
1089515000526323712
1089497221429714945
471785535
1319899951
936674701182685184
716577519785394176
1104513538327015424
2955023673
1104432340326002688
528181897
599666249
963937453
1412336256
208383781
397727808
507762620
2724869874
793868166090948608
1004771830295646210
1122634170
78870092
4099642099
2298786558
47858151
325016010
2416101300
766470058289860609
1012330223302598656
849515150
866825218228092929
1251901214
960116990894632961
823812302948315136
710877018477436930
21512592
3280419312
2701881606
2196686985
1104513538327015424
2955023673
2862559832
366184065
607238902
95522567
925011933111226369
3783306916
4249518255
1094060420350894080
2500233264
851463466376364033
1617160538
2204226218
871135051961978880
873801127
413215948
1872223814
525772721
709255279850999808
413159528
711877413886697472
845336630
3086774374
757768824
1168709538
1012028994336837647
354892883
891669583060496385
2466573055
379438222
926399701
507762620
2724869874
4099642099
2953563666
2468200909
1043387532
2416101300
766470058289860609
75836156
1106924838046838785
79752512
28068541
1062011263784550401
3280419312
1104669109718007809
710877018477436930
540293127
967501975075012608
394261691
2920081095
301431038
64077301
2988835410
1104893738336305156
135837165
301344291
1104513538327015424
2955023673
1097846204657033216
1132711926
1012225134286032896
108706805
2606297070
1540933206
916311730132627456
851463466376364033
408884927
1025662694
1097563083394953216
333265518
71660929
3104296670
4647196957
709255279850999808
2389108818
58206563
1251901214
1705779680
971622453918052353
1098245310835580931
891669583060496385
960116990894632961
1645134008
381970945
552745573
21015272
830487401835302912
507762620
2724869874
1107390130497699841
76898832
1122634170
264619592
1107348624797782022
325016010
16285883
3280419312
114310134
32204102
26178329
21512592
980677580113133568
126014129
48706035
1013551857195716614
2791424236
442670630
1058200520
2955023673
1707114458
624753392
113987040
3255714339
821699376104046598
224969378
982866976337936385
2796984572
851463466376364033
852811674876694528
712214428633079808
1009375130512961536
366286831
237828568
1350992197
993185198081638403
808272569375793156
39550102
354892883
795863293
3984354737
391602206
3018838780
3059189458
4690624890
121283293
991171614
166235248
3091161
892527211168878592
971289728464097280
260815786
2966430845
1495803974
332416511
2448579885
1515951326
866304640341598212
957994836
1517955511
1860532266
2852778954
1102212331977744384
922104666359463936
507762620
78870092
2724869874
868993254838067201
19669888
3280419312
1099212014256357376
353033250
16023784
1396660123
851463466376364033
1097563083394953216
895113622388473856
8753392
2599944230
107203934
716577519785394176
852720749878050817
187147504
3310050822
16783549
866664194220752897
1089510733778481152
2396071176
290071381
22824243
522836736
1094060420350894080
2910828356
16895897
258788589
891778750450245632
117889139
801278406
576244735
940923537895784449
1019542640323432448
2468200909
557928037
50363082
712214428633079808
711877413886697472
837679536267472897
117464605
1049504170502283264
929409604026384384
3799015034
4117199714
559008703
1094001818668068864
1690821380
48363
104920523
1096804368983224320
979082481348628481
3086939139
870518390342811649
546056865
1039281154317144064
1041001019419840512
766470058289860609
1056234205552762880
33644200
1095866794647175168
963937453
1060829793006940160
1003244070028939265
1111973472874438656
2860237808
599666249
2471666068
801094356
406450787
781182228311085056
882375610202546177
696028629550108672
507762620
427501663
176924218
1122634170
78870092
4099642099
2496584199
47858151
2731200916
340828179
2724869874
1012330223302598656
1105509533248499713
849515150
1062839608189292544
996564265
2920081095
1853425742
493698870
84535831
750115159
113005549
301431038
1085461857165557760
283080534
1146813685
1102632858609377280
560676084
4600661663
1027935749033811968
22413371
1083637927119339520
162237577
36049728
2955023673
237571417
134760522
144321681
2266006971
858954888763584512
830487401835302912
16982091
824992367975493642
1110475275710533632
781182228311085056
552636074
1106198212950421504
507762620
985967834508357632
624987741
2577019868
37294967
1122634170
78870092
47858151
463966247
2724869874
849515150
3306936925
710877018477436930
4769577022
736955736006242304
18864597
1102632858609377280
1027935749033811968
877355443
947458595435765761
95790678
951424067348901888
51281789
2955023673
607238902
1083442978079805440
761505841115762688
1367473231
740180178563801091
437384618
1141257704
3007434206
851463466376364033
716552551496302592
1021333799026561024
1251901214
3148750894
712214428633079808
937859238793068544
3984354737
254832460
4746391876
319019022
20820199
2205602900
6107302
2909381398
2819840354
2599944230
3088323537
314849593
1087944837897297920
1088869156827615232
2424313639
716577519785394176
903056023354609664
966719370679365634
1108893526081851394
1060829793006940160
82486477
1123644716
167093100
57133412
44309422
2448306450
2494302399
2584753063
125754205
1122634170
78870092
957904463678853120
849515150
904126115983364097
2724869874
1081220972546535424
16023784
301431038
827526409165926401
1646044446
494390737
15628214
262551829
2955023673
21420396
851463466376364033
3309490323
2494642667
56583965
411527146
712214428633079808
1645134008
50318419
26527297
20820199
751596884792311809
2599944230
1095657065324908544
716577519785394176
22295360
2523087547
21512592
119299446
24771478
2447141858
911618188491808769
1094060420350894080
885686706
1959641286
345631565
39093164
2988439378
580991407
46770301
559008703
4199452872
478709627
4016390566
1074615072671043588
1082812317115523072
428138950
26159670
1041001019419840512
2500233264
1145280906
108340018
3128161266
1223144850
4262800580
781961216
71217544
85363678
910818907
34900400
3086939139
1099648237114408961
963937453
1105622846783537152
507762620
1093645703425929216
2577019868
2468200909
1042138214767775745
1062556584897925120
19802146
557042952
2724869874
301431038
174956023
949869023700828160
2651283324
851463466376364033
1074999036325679104
716577519785394176
2735396943
4132949595
828885763664211969
1094060420350894080
1057356487
194798305
2657034440
580991407
1041001019419840512
3489400516
1074615072671043588
706479472
2500233264
1101393876223442944
2276140171
1096237114373607426
1012225134286032896
442556754
981709744300638208
43806799
924220483305951233
1060510851889750022
233893770
919376072587689984
1081386134112997376
824177155
744274952665374720
813931961794314240
1251901214
2235930654
766470058289860609
389391431
1098181935468371968
14896045
957315020383125504
2194358750
1060829793006940160
507762620
3691110204
761933233697193984
2920081095
301431038
2724869874
949869023700828160
851463466376364033
1097563083394953216
1645134008
716577519785394176
1094060420350894080
1057356487
735473855423250432
1078008766086500352
891669583060496385
2657034440
580991407
559008703
723960325826027520
1074615072671043588
1468076245
4132949595
2500233264
781961216
328514501
1557734006
1012225134286032896
4756284896
1060510851889750022
124751456
744274952665374720
1251901214
3346672943
766470058289860609
1099285175752687617
1093541563458760704
48610980
902010908737650688
866998277056720898
2560514188
2350510368
161282914
1965211328
971412238870261760
107203934
1533608779
586475550
157869576
2326199094
114580736
3181627374
829695603798048774
170793679
4834639403
1020193871915974656
153099839
767349339010260992
572436955
16982091
507762620
538419094
3280419312
2920081095
2724869874
1085473024399294464
1579135567
851463466376364033
1097550808256782337
1017867364610793473
2561129616
488426928
1012715906
2739090856
64991683
42478360
3071304835
729375517208645638
4150947873
22824243
1094060420350894080
1057015696134234116
26459742
1097631298024136705
47014499
580991407
427329707
2500233264
2276140171
1702584774
1038997512928014337
43935998
1096237114373607426
347165251
16154410
877369206
807917027323158529
262920237
1089313986963820546
1101087301298458624
1050081610010386432
744274952665374720
1251901214
766470058289860609
71733787
2850347376
964287506
864007650387865600
2202554053
1054442276569657344
1062839608189292544
259265680
804725508739072000
170793679
235534680
171671778
922927046
1063147917786169344
1472120575
997485281753284609
243311655
204130318
299350119
1006636211325341702
1582627531
3230820060
1169086356
507762620
4099642099
849515150
724636594846748674
293926456
84535831
2955023673
2724869874
2435764851
3280419312
851463466376364033
1097563083394953216
716577519785394176
4850063765
57298485
580991407
559008703
735149501355315202
2500233264
17552470
1096237114373607426
1012225134286032896
1098368521740922880
1050081610010386432
744274952665374720
1097944210798534665
906158390446931969
841830064194904064
209486548
71733787
1021907238787604480
1965211328
301344291
114580736
1035587594
856151120254652416
51771326
355001803
514765110
2431142990
111384026
258788589
1052776464163266560
1099258373462286337
37990803
920712082982670337
63502090
1595180023
3196680723
629077960
239372281
107203934
1083382292771266561
3226922189
972301289768992769
377846102
981709744300638208
751697165769113600
3230820060
507762620
1122634170
301431038
2955023673
3280419312
2724869874
1097550808256782337
1103163815976267776
751596884792311809
716577519785394176
2298786558
22824243
2657034440
580991407
559008703
4132949595
405839701
2175863951
2276140171
4235969665
41760197
498918939
1096237114373607426
744274952665374720
849515150
1096942326109429765
1006005604404432897
380479701
1099258373462286337
107203934
340947574
1093419704948006912
983068448
377846102
207594848
781961216
476921361
306494177
853063394
378871077
2459040188
941264756148768768
378542768
2221148335
3036732150
1089095960087547904
978712022593388544
845336630
358941413
84597621
117805461
350956282
1098001993694568448
1099321900382253056
3776934133
127855677
3490296074
83844486
507762620
1078191891131305984
941969807859159040
851463466376364033
78039625
730516042133417985
272278343
2555494248
2724869874
3320875178
716577519785394176
192477353
2579091842
15973143
2870584793
14844272
21976312
356999233
760150413936963584
138523150
524840597
30213351
775862
1671848557
17004618
1094060420350894080
2255081249
435503179
580991407
2500233264
1039444993897885696
1012035426566262784
135257449
3363915879
1006150105525825536
744274952665374720
1251901214
436163186
1020193871915974656
407054829
27742778
428318871
743467839453958144
918901062177828864
761125639596314628
4105215021
273770182
230169472
3987209727
968871912
88090593
65145568
17899109
883501601293467652
1062839608189292544
259265680
804725508739072000
719738654
3037385139
284574432
977652358699200513
1006005604404432897
1100306407654678528
2511074600
1099957708415918080
774292552363151360
2855629846
813998038314164228
1239529316
1067629252839911424
507762620
4099642099
41136409
23124130
949191780163080192
357736280
176011143
2782744399
63399122
912045331
531621462
24290529
207265602
940660794068537346
308288733
721645069
41430254
259725229
3260849618
54019744
32741158
626065681
2568600705
2677554163
851463466376364033
713830589846175745
306351627
2529120172
4835250171
716577519785394176
1102669822540816384
350515325
333645334
417765944
3071304835
157991903
580991407
2500233264
719596371112771586
2724869874
986125818551291910
868335261914193920
1101492601251905536
104494687
2540911330
1012225134286032896
2656492963
188364617
61243703
67736032
744274952665374720
1251901214
982530618457231360
1261395294
921299596558684160
1062839608189292544
259265680
804725508739072000
767349339010260992
1006005604404432897
20351668
233984648
3318962045
3230820060
168504372
507762620
2577019868
4113725063
716577519785394176
1100999023945760768
340217988
858954888763584512
2677554163
851463466376364033
20820199
333645334
17109077
580991407
945884922
2724869874
19658372
1100875737307975680
1101087301298458624
744274952665374720
1251901214
921299596558684160
848706446086811653
1062839608189292544
259265680
214985076
804725508739072000
874724962346643456
1006005604404432897
58630799
716586605390258176
972301289768992769
774292552363151360
781961216
1084176134303043587
4437119441
378871077
2606297070
3148345963
3252804730
941264756148768768
978712022593388544
2759530043
746927916
747000307
1092454829467885569
20852174
2315808792
783088036418498560
1584026306
2950742507
177678177
1095705486035484674
1054625941031452672
232668008
347933189
507762620
1022808336
1042138214767775745
306351627
733760328891129856
1081260207848779776
1388656794
708931168310333440
2787474800
1056112249792716806
711263290
580991407
559008703
2500233264
17552470
490636475
1101485079149326336
1012225134286032896
106546209
2724869874
1050081610010386432
744274952665374720
3634070421
47014499
1006005604404432897
586475550
4117199714
1085666619840479232
972301289768992769
260907168
774292552363151360
4244317966
781961216
378871077
772410325656363008
978712022593388544
2581764692
254238012
831059013068546048
1005002708179271680
980451453214085120
800234129321168896
772374193820295170
1029219916807921664
36455076
4536332653
766470058289860609
289298315
389391431
1097471432987013120
27493797
66744054
194214272
783181899703332864
769200447638732800
915875025822957568
929446935882211328
908707316706377733
107203934
3308483750
733897191970988032
713577198783889408
1122634170
507762620
1042138214767775745
849515150
3260849618
256870044
1097564512029413381
26755556
22824243
1012028994336837647
580991407
3489400516
2500233264
1012225134286032896
744274952665374720
903645289587859457
2724869874
1006005604404432897
20351668
14884114
774292552363151360
63385592
2337389724
378871077
941264756148768768
1040732631799930880
810722749
978712022593388544
1032248649345126401
1095459526948675588
785523795213819904
31454352
327908435
4536332653
766470058289860609
3405843434
1097471432987013120
1090100909986594816
707586411038449664
1122634170
258788589
886232763917107201
851148988728438784
1097846204657033216
3686543356
60699332
125750451
30459892
966671677
2657034440
599666249
259483794
25290152
86108067
799303123932250112
1017867364610793473
347043260
37244522
1086017977898672128
1039144314830565379
1064379326605467648
964856380451704832
867141
56757393
1017101189702438912
1418311148
956095207879168000
610985190
100906633
356877601
1064233868214050816
248331033
1066474566682214400
810291841300123648
4634388622
3917190377
119407459
42890888
520435491
853966467590705156
490091053
521509257
3300605002
3295157109
798937979641282560
367062813
215712404
1650558012
3429365787
986445133
172753285
455834206
755227261
362650361
1044880426203062272
966569119
3352758239
1266665449
1060829793006940160
2813992577
545375670
788298720
843723911313276928
3104125673
41990443
350943019
1050065988
2500030901
164637675
270929790
1178138724
928164156452364289
1094204972571463681
3509443275
2205486694
35710856
2748314816
89725596
892781667089227776
3344121671
536938480
1557328177
1059882140
2740031547
938415794647597056
147488155
3283519069
1032834510
48486467
95163531
1572530054
504447213
909854588
1110303632635953152
961197020525424640
750488017
811853615576981508
749577284554747904
104740435
1026445747
357515333
262421577
3151038329
733244485
1896725383
3280419312
278862320
2776339482
1060829793006940160
507762620
2577019868
92022311
890969544386379776
95407662
859222845905305600
291891198
828017637062017025
193943137
306351627
716577519785394176
1102669822540816384
820273936625700864
1089258249243840514
824671905693077504
831159630172680195
4534138094
168623529
77041903
65065995
580991407
559008703
244057653
3149759171
3296717118
566809541
2175863951
2363555523
744274952665374720
763442184
4220134773
853545164266250240
4186550773
774292552363151360
2794771417
1099200017334599680
381874370
537314376
2724869874
978712022593388544
1099203627913281536
961945350176235520
19312309
429874282
283613996
1005002708179271680
857515247355035648
800234129321168896
2615935975
334760947
271504692
1097471432987013120
615468160
145109186
1594058460
16341963
3308483750
588205363
1122634170
3280419312
30970510
33104633
1056547169283555328
812108629
278087024
185743669
732050755062898692
776395636182687744
702328746
2808635108
263630551
2769487371
2769615611
488088932
2769482741
2769669227
216331785
24290529
1041640672447492097
794815
42383801
1053180641142075394
15144542
148065945
739065966
12983812
14969220
148481941
862310522003353600
1228750645
704650050409013248
18126899
912045331
37916396
101777798
38205755
2150540791
2159566136
84801400
906452671
35827653
997894658
1038214223028006914
2188324750
32893652
77046171
991462156288905216
2753491384
277441356
816763609
1256865548
106856559
2364555245
31277095
167541921
48432326
59495110
228539592
198350910
322881819
507762620
3439843239
33071870
827058867280441344
372480008
47371589
2562924081
4099642099
92022311
71311654
890969544386379776
75836156
849515150
790065600424849408
2791424236
708762416
3260849618
2870904039
29264744
875105226654490625
84062982
32339805
15848497
351371544
903614038025789441
3280419312
1108442024011878401
507762620
14551176
1577368044
849515150
40665004
1785583254
254832460
580991407
559008703
299848975
1012225134286032896
877369206
1099852705797828608
1270004946
774292552363151360
978712022593388544
1062556584897925120
283613996
80934681
2724869874
3567220768
1122634170
584907174
29067876
259483794
1017867364610793473
1017101189702438912
3086939139
2775821818
852720749878050817
796960255230021632
906262845851017216
967201305453211648
4473467980
198290974
1093376874212777984
2298786558
959105790639575042
1324455864
319908971
113410319
2697882688
342615058
457505843
181929019
143055907
1056871728
1060510851889750022
185345511
761651337658507264
1096899412188717056
82350646
910767256199712768
1067068542217084928
1089095960087547904
982025857387630592
1094875385018363904
874731
1094365617170321414
1785583254
507762620
867918661826170880
40665004
19620404
859344959182393345
129766048
580991407
333839974
559008703
1118992231
844629768800784386
71728161
118886100
45587271
908960105495801856
774292552363151360
243545439
1041001019419840512
1736414005
978712022593388544
858200424
2331547885
35040802
429874282
4769577022
713703862398554112
812802647413714945
785186065061548032
929446935882211328
2413644611
1122634170
2815065498
988828315740975105
1013876027775283200
584907174
894275212564475906
2194671882
46851455
469821786
4659858391
34345940
795437715890302977
1017101189702438912
1094063683712487424
794799163
45849641
1064836290724708352
162013234
1085816870937284608
752252888794165248
1066240222516498432
2273835080
2522229650
1062839608189292544
285128409
4491015387
1091945936010407936
1095874810763079680
898904244
2337807890
3951163695
1082733809706196993
3230820060
1108442024011878401
507762620
2577019868
4099642099
849515150
904126115983364097
3260849618
86577298
580991407
559008703
1012225134286032896
924220483305951233
972301289768992769
774292552363151360
865253818346373121
127686800
978712022593388544
929446935882211328
252497725
33768134
3709499239
3405843434
1122634170
2583993739
784826802770501632
584907174
844168228935012352
29067876
861278636133036034
1017101189702438912
720653207618371584
503581872
820358846367473665
3081552484
2921585962
198290974
759885181
113410319
4112716272
3007297062
1028389738976342018
356237030
1060510851889750022
2750311203
1050081610010386432
982025857387630592
1063191421937684481
1071800194600071169
599666249
766470058289860609
30398968
921369751166763013
1303801572
206794369
619773464
17163463
344173087
823540806531354624
1071090870479478785
295740283
1108442024011878401
507762620
1085660774012399617
580991407
559008703
774292552363151360
978712022593388544
1122634170
584907174
29067876
1017101189702438912
875105226654490625
2921585962
2298786558
2697882688
577156918
2750311203
1050081610010386432
613370289
1063191421937684481
619773464
17552470
90938071
107203934
845336630
820017242633019392
781961216
2463291183
2511074600
969573611127431168
3411670757
1887801036
2599944230
15735334
156186500
353386239
348780432
128996904
708338301594423296
2188783998
117805461
934512970247360512
2501872812
803425602720047104
737980502
57649619
2500233264
837772065285419008
953937437633470464
1088788217653006337
1060829793006940160
507762620
86577298
580991407
1409793744
168902794
14896045
848706446086811653
1418096803
774292552363151360
801497362829111296
978712022593388544
2722646211
1736414005
283613996
1726312382
1122634170
2368247516
2583993739
584907174
29067876
14067386
259483794
733936460
273760342
1036917274941313024
830601639597789185
401607491
1451052606
1392098184
994013500484833280
2199972674
1062839608189292544
7111382
90133405
15636998
4491015387
192565866
414061971
820358846367473665
19367215
202768828
2921585962
41344722
468765749
925981348531195904
161817304
125714268
366286831
938080246670217216
287902364
36310617
248618354
799031146952540161
421253386
3450915563
120038621
910767256199712768
2342778935
2699059392
1063191421937684481
2957191046
26421496
1100054166
48304334
619773464
21116180
4588977077
957079520808456192
17552470
732880138199834624
1060829793006940160
1108442024011878401
507762620
162691844
47611630
20820199
39751605
2787474800
580991407
3380566967
2381639554
385362894
978712022593388544
259483794
15429603
19898275
1062839608189292544
362810459
755817070663696384
1576839985
280223730
71833439
236874045
373099660
991325678883753984
3256882286
223857350
163871846
1074216449332428801
803875584010924032
1085235564851408897
913392005526491136
619773464
493133990
1054409892843479043
1015698822104866817
936457136523096064
121034739
841270990868905986
3821256256
1020930176392278016
195937904
588128506
2724869874
1092633967029821440
865990723157585922
585878890
359540151
1013414392229253121
963699899190730752
764315556
1075855791247245314
412340144
916953497509220353
76414974
3324269783
364804417
1446933504
3901678606
252721819
3586449075
58848393
2301501289
4661695277
3140934105
1060829793006940160
1108442024011878401
507762620
2194438543
1027185145609170944
3156161175
580991407
2178168183
21516577
978712022593388544
3567220768
290976093
249659846
261612663
541974220
1097515278982922240
50104146
2775821818
372241321
3262727616
146641286
2921585962
935940827817406465
3129803561
55878483
768170259434053632
243942028
4910571881
1063191421937684481
2996419457
93311459
619773464
854653172
337265033
1092633967029821440
2596428141
781311411435794432
749759942375120898
2384096791
798308322
1099798284
537942709
600128036
2383149054
278583762
449122961
165697724
770158638165962752
349523316
2871081604
956069473039060992
469581197
372630363
1027158056004734976
4332411915
348780432
1060829793006940160
1108442024011878401
507762620
1134423600
951112519
2335884055
580991407
1095052397318152192
978712022593388544
436568543
2429951858
2583993739
349682278
1108411550
1098257426233487361
1092555330418921472
166927354
4527499092
1062839608189292544
288977210
4282254389
1468084958
352946416
180767694
282494348
175664926
383056370
1619899742
2375465022
88744289
931109491273273345
158362855
2990711699
3563743156
1364005999
1566933727
895311324279910400
116595789
1063191421937684481
1694566346
4580280377
3379924895
921369751166763013
619773464
975749723410837504
769931635588562945
773635994549641217
318072585
372937294
393370216
960812586
4514227474
1064819213737631744
1092633967029821440
370129790
711878016025104384
704682405043544065
875342254721949697
4732075402
507762620
580991407
476921361
79730203
1122634170
1063191421937684481
619773464
1092633967029821440
7842652
456857160
306948171
2944804621
2606297070
956069473039060992
348780432
1089095960087547904
15355814
869433018
1008944428315111424
981463859264401408
2563031431
22875032
78111378
765157221395292160
107203934
1346248602
1035949036828647425
2792429599
969573611127431168
202841064
709168320
444395479
140864283
389391431
1205335362
3385277223
7232242
3658612167
3119602786
4745190756
2928675806
2724869874
769044500790517760
842676626571845632
2759903166
2894846011
3242564071
3191916761
1075300497651724288
187287096
1084270084498046976
239616300
1091037852530544640
129918776
130262471
2518187082
22300452
90938071
899133864966209536
35485869
358941413
219238544
755869270655979521
1060829793006940160
1497671666
507762620
1054714357
716577519785394176
263025733
749538565533605888
422418087
580991407
4001111649
168626010
1584026306
562435309
1122634170
18578719
445560061
1483007491
260070836
1785583254
749007510472781827
1093941646239109120
1055895935979606017
1050081610010386432
1095276293573230592
1063191421937684481
77678483
619773464
1309726428
89382574
1420529262
183098041
754114832702537728
956069473039060992
735909201277378561
348780432
101635189
452755377
1001398165994594304
3239405485
219719040
373099660
304851164
1008944428315111424
4067672292
196600691
981463859264401408
3071304835
367771644
915123522808270848
107203934
176068762
969573611127431168
1024039172296855552
328037823
1061513469407739904
856151120254652416
4333663692
218018893
4109645658
25332171
1060829793006940160
16982091
507762620
3025829228
20820199
580991407
1714574107
972301289768992769
1122634170
999609797711282176
259483794
14431962
3258096799
2652113628
369408738
721031793672069121
75673231
1092633967029821440
249574193
348780432
126556399
3124509220
2205379124
373099660
34878201
1008944428315111424
981463859264401408
3408400624
897453612640731136
3380923019
969573611127431168
95995656
1030852528357994496
856151120254652416
4851457499
182372335
745187395570634752
71556910
152246664
296596810
380657590
764693275705905152
242696283
60050999
376775407
2965608929
2426477335
1287504542
29316282
708236539353030656
1320375528
2185904741
277264781
2984062337
3579651436
29965112
105981838
19275750
241243077
168573670
52817233
26968814
258342333
1060829793006940160
507762620
125754205
92022311
57277346
152759570
2578904996
4892102656
133507637
62368978
160975748
265468001
580991407
71733787
1093002332747558912
41488994
54651021
25628996
1122634170
1034131670792921088
981495009877819394
4195418153
1063191421937684481
2165499479
237303654
2815514276
718103870967132160
765340227867058177
3428221034
2906502863
2566013404
476318690
1631595619
123094179
2411182434
348780432
993798150094716929
901727234347503617
270075508
1591880785
109429925
1008944428315111424
182041997
981463859264401408
14604049
738665872907108352
761519646725988352
84695123
1090753912930488320
915516902344192000
1128482641
969573611127431168
95995656
761523606874628096
2872573191
1083740422940307457
186442496
771596979340128256
1066689732137156609
1089658614841782272
19109017
263312920
1048281892884103168
2712674750
1059820612175179777
278818226
2515827860
610023120
1257954805
1060829793006940160
1497671666
507762620
165737044
1089335540200194054
580991407
1099659399809851392
929446935882211328
859105880834527233
238214867
593000424
1063191421937684481
921369751166763013
124584229
1092633967029821440
1036335451362213888
956069473039060992
803448493826310145
1001398165994594304
37377845
981463859264401408
1080535704109764608
969573611127431168
1061513469407739904
856151120254652416
383832890
84828145
1206358350
3184864369
75802820
162105296
1704966672
58722145
427224282
908374603
386137123
285739838
2394899112
222027782
3287232266
3150509022
90938071
997625090857725953
852363264121987073
303261672
109026566
14152855
869241164993617925
104445344
269605801
849954541
5847622
190808510
132774811
212795356
3060539594
259725229
1094533925626658817
2232296578
242696283
872033036816310272
362677343
314733767
708236539353030656
3249455401
1073550644370382848
2500233264
4117199714
1100006945778483201
1060829793006940160
507762620
580991407
414844974
1382375101
1122634170
2652113628
1063191421937684481
1092633967029821440
20905495
203253888
4689045337
42832236
610023120
242696283
779677452586975234
708236539353030656
1083740422940307457
15211133
2500233264
95522567
927898639883579392
3428628063
1071090870479478785
1092385900959547392
3032868285
1258501880
953552473574158336
938864360
723865759567495168
2492500904
3028960094
4872808600
365588527
2928675806
1003921145098264576
1091459164826677249
981429016203857926
934453012449423362
3322443761
20852174
1959641286
1252160844
1117238767
1001062532927377409
1087132448163393536
1088266017569030144
241400860
3299485084
919316513806606336
730424551
986102335503060993
974061641305415680
429874282
382090203
1083808627205591043
1085748335326253056
279515747
1089068110932525056
1476123834
1060829793006940160
728215387939069952
507762620
580991407
762075765718515713
944341318708363268
1122634170
4491015387
125714268
1063191421937684481
875122621
931975152
118794845
786066248014688256
56434096
825359878990471173
288412475
997295548599291906
610023120
779677452586975234
708236539353030656
2500233264
927898639883579392
3428628063
1071090870479478785
117805461
955825965225005058
383730053
3032868285
1258501880
416220549
2755718959
475787972
3909864922
1092454829467885569
723865759567495168
339791643
307313107
899742286094979072
4132949595
1049312268796743680
1091434412795867136
16978357
401212636
4872808600
63372217
1475601295
763442184
20852174
382790788
572363547
1084433781019136002
2274167353
2151608551
1092687623640932352
409093830
116161933
1072003479349223424
1308220302
38404589
986102335503060993
731341398289600512
1060829793006940160
507762620
16029441
580991407
518916086
972301289768992769
3280419312
1063191421937684481
2813214956
1094380664705544192
1017867364610793473
2500233264
4117199714
3428628063
1082531141947658241
894279867621093377
1258501880
27164232
907322505777606656
1092454829467885569
31110135
48821708
5555972
1413708408
4132949595
4872808600
95522567
891931856429608960
1091215837590155265
402542298
1072003479349223424
178159509
87997944
1130275662
236554754
356491097
824434042267250688
900038696438611968
133241569
382090203
858214341165928449
373055000
2616857815
972681698172456961
1089068110932525056
4277623874
2466626269
2190217948
586475550
2499252972
3116160888
1091331350106439681
957359850
556961568
454120379
593945359
890078579475828736
961290908242243587
3228269779
1732310107
346331357
219746087
10079422
274284763
11014552
1007583123322748928
14130894
710853102811934721
149300800
2770140101
1340664577
1017792812
1682927298
1603341116
3517053740
2325940546
912311
148395106
709255279850999808
969280269990727680
4886111
457034603
704511966610460672
1252997479
417161974
607968332
2906908831
2405332142
2784649548
344313161
3823922789
3356797913
4039714994
152213961
3404841275
877773879212740608
1719973946
19412645
3259110236
925862782905606146
404256672
1057082501078962176
817267059901898752
2524427312
708172953997807616
244155287
1086938824486342656
1890471942
114306552
2330361416
451660945
4888306052
846815885994201088
1066256594755825664
858704166801334272
811474651540918272
868218691397275650
122689522
201683439
35699703
2184867990
245725998
244323041
17784861
24348660
1025833068479827969
1375353098
879799039126011904
4766140742
1054146620328210433
988789949771038720
1060829793006940160
2695090240
507762620
142762848
1519035121
15001764
21234787
580991407
839333708
954670603331670017
2444052414
705041141582995456
97286610
19367288
1063191421937684481
208115054
2591916966
201146791
362640190
3404978656
175960130
1093027033
402489361
242787915
737094578
63368107
476433749
111648718
530986241
1002342060974919682
72960045
275084955
188532489
271585641
77021196
925961312
158567200
57044168
42457795
569822883
133864098
190108978
20638239
203123794
169196025
584295655
81984965
260563825
41831995
122770149
4689045337
172479725
610023120
211698460
210697780
2500233264
3428628063
1091106911603253248
1080459911111299072
1092947971480666112
25075120
954299384564502528
2334792890
67918368
255019703
3320920933
144246721
343267635
1058554245513797632
2928675806
483890068
4872808600
374551909
1959641286
291753722
2590910989
1107612330400145410
1060829793006940160
142496095
1041979822497587200
2879870510
3230820060
370230231
1896161275
572777790
507762620
1089927194783244288
1564404793
972853439163240449
1017075207973097472
299947438
1105704519978016773
206456533
16446080
147890885
2552816792
742910226
1367162570
54199693
450522855
889993800
219361088
47262930
1309515492
848122112527171584
155354270
19620404
238994600
1089874897856286721
178987244
1094588650501885952
1018977554630365186
4714570588
1090235898778726401
2873685918
846626536849485824
23362732
773193444504240128
580991407
762075765718515713
33935489
951425945512050688
1014636296
877369206
122874342
122770149
944342750685728768
73111394
1047120475
1099190429314994177
1099200017334599680
31300596
347944959
17871189
858200424
1063502851614236672
1095788650842017792
14425976
949591124
4195418153
1060829793006940160
961006342700810240
507762620
2330517852
580991407
3194715322
2652113628
3280419312
3303831419
1063191421937684481
1074988072553586689
2789863611
197821962
3428628063
1145280906
1071090870479478785
1258501880
4872808600
3553388062
586475550
2409077215
3055975699
1044330227881533440
119042373
115145529
1062612406768189440
349523316
971655566287343616
2673185698
2904666433
969573611127431168
125171112
798521388671913984
26693310
898247831743606785
512494973
884078965475995651
973235973189447681
1089641280
720792180764319744
1066689732137156609
2599944230
3135182098
1173824917
981463859264401408
805204129064882176
1057098036323614722
256904484
359962497
17020487
165194933
2490136693
304400958
206295077
1045387254074494976
1075376451023749121
707583197287034882
1093074956
247032856
2534712536
1060829793006940160
507762620
580991407
14470784
766470058289860609
2269124157
146708799
1094380664705544192
3428628063
1071090870479478785
3032868285
4872808600
382090203
1088380082740256768
1091459164826677249
971655566287343616
794113400754335746
854077469745434624
969573611127431168
125171112
847167222879531008
2944804621
3086939139
2599944230
981463859264401408
805204129064882176
4426456460
1045387254074494976
2534712536
872275096152358912
826689733761826816
2606297070
28971908
1049487711546089472
1085275080639303680
2500233264
74883793
50565159
2365057864
135388468
505552767
951462489149067264
15249154
842312352141852673
107203934
1064293102477819906
861324685904146432
1060829793006940160
507762620
1097550808256782337
580991407
972301289768992769
396635212
3428628063
4872808600
607238902
969573611127431168
125171112
981463859264401408
2802040120
3792586692
1166839057
154830175
2500233264
74883793
4241465547
767783102
255802180
2365057864
505552767
203815855
842312352141852673
107203934
1064293102477819906
1079741050477002752
980699604051099649
1088921368526233604
1335185461
2414227753
127855677
3226307397
1072870302936223745
706857080
1085474730704957440
1672257758
290707175
108340018
3351908008
757755643759439872
781961216
747540384251682820
852720749878050817
997769090
16548466
2724869874
2773395186
2558963753
4829240535
1038489586941485056
1060829793006940160
507762620
580991407
28307354
869166091
484550697
3428628063
4872808600
586475550
27368330
54122352
33060684
796660043072606208
16148602
17669950
138150238
2877879814
10078
1062612406768189440
971655566287343616
969573611127431168
125171112
1048025195363979264
1077009755145674752
41003633
1053507410
310014033
47839318
2500233264
505552767
8095722
47162492
107203934
1064293102477819906
30561987
16357003
1088643235935748096
964338721201049601
854013083722711040
39262075
3313388864
2911759524
1440398893
581890839
50363926
245983455
36478120
34087072
2154597858
108340018
852720749878050817
22609643
4730926392
16548466
872090629144227841
905406427
