17905508
4752731842
737142202481016832
976805258897735680
471143047
324438455
781903139402354688
1086729827678412800
1031597089808109568
4727437587
4752731842
973871778190643202
974136656281374720
118739848
974252989450928128
976805258897735680
976805258897735680
737142202481016832
976805258897735680
976805258897735680
971620109197312000
4727437587
973871778190643202
118739848
974252989450928128
976805258897735680
737142202481016832
15221598
737142202481016832
313525664
737142202481016832
723458510911078400
737142202481016832
1064108650271309826
723458510911078400
869794196294520832
1009871088820482048
737142202481016832
971620109197312000
737142202481016832
737142202481016832
971620109197312000
869794196294520832
737142202481016832
971620109197312000
869794196294520832
737142202481016832
971620109197312000
869794196294520832
737142202481016832
869794196294520832
737142202481016832
971620109197312000
3937914677
737142202481016832
3060444101
100057361
737142202481016832
737142202481016832
3835488136
867763076635996161
114140278
2561926898
974136656281374720
137405952
789788492259786752
2561945262
