902363323
999958681700716546
55512840
461544017
985938313784807425
1109403409768173569
23469093
936996010743578624
1046710869671989248
902363323
43008861
23469093
168644967
23469093
960728082259890176
43008861
130139784
2549317759
39161707
960728082259890176
130139784
244242483
2811654818
936996010743578624
339118250
985938313784807425
856542571
960728082259890176
936996010743578624
257610637
274004832
3161188267
2960367310
339118250
936996010743578624
835934249291247616
168644967
1010141596917161985
956200765487382528
936996010743578624
2835499934
1133202589
795558343
23469093
130139784
3094420809
43008861
2478077635
985938313784807425
39161707
2549317759
936996010743578624
