520702117
544737339
178833863
2257347438
2347680739
705045241758420993
21260851
1625620532
247766313
1016823801072443392
21260851
544737339
393134557
18414612
3314496642
1328162480
393134557
2842047429
2209564804
2246320654
2842047429
213505978
178833863
991473439893610498
178833863
991473439893610498
3282734659
939119870523924482
1465380596
593155253
820542757
1465380596
3826535297
841267380965822464
3676645215
492762040
289490512
593155253
906220423402147840
2593248829
2531764583
939119870523924482
40008536
