920719140490375168
709564705304498176
80183042
447080423
820822691846430720
1004225337163747328
711000475340902400
2785271728
869794196294520832
1043912220319584256
873233450504945664
2835499934
438101872
80183042
950455321046208512
919744697551253505
869794196294520832
749705652918947840
749705652918947840
447277348
869794196294520832
1098817685834485760
869794196294520832
765464809
3624496342
969593261479419905
991449453788835840
316331833
873233450504945664
869794196294520832
869794196294520832
199613365
498631199
80183042
920719140490375168
1004225337163747328
711000475340902400
987780156843585536
766285942449635332
869794196294520832
1004225337163747328
711000475340902400
987780156843585536
991449453788835840
983629872365944833