2853542034
2720553739
21794771
811262828
352608944
3314473562
2324358611
938702706323197953
781961216
557543689
911689555
311499296
1113025882875183104
383789760
764714085250240512
1661687665
1112272259979378688
49706302
712925647123968000
711877413886697472
2426664390
628592542
174930637
2504624659
450014718
761037688422006784
933268741
2928377127
15730577
37227993
985225274823532546
846815885994201088
257517997
18175988
447476322
781249332460781569
1017331615700316161
4452124222
121542538
1311758442
369024453
147304873
1958154272
2762059017
2546768306
3178183077
61092800
4904829489
2500219019
113684109
1145718781
406544231
359525024
997579863761580033
3309743621
2853542034
21794771
2798628105
1085718598977576960
811262828
352608944
743557586096623616
714056588630188032
2572430290
298475692
2324358611
246001486
1078283397410312198
742498866126290944
1106558450308390912
1610451061
1453053060
2756062721
1075432227096399875
463683266
1709300264
1092362940748103682
766187556
813349989602594816
519614676
769587018057805824
828313105167953921
63693734
2581164864
733273536509415424
62423529
863581396400517121
2386814808
1102280413601513472
1112272259979378688
272627216
3080051534
39916003
75084147
921654092
661663
2765396809
80469864
514673406
883978660029448192
2797753297
3939270069
33157584
122722617
790205362628624384
1088273946494029825
1093083706582069249
1498941931
453485025
1598551141
23760593
3314928146
1544671820
969842269
4108817727
27611882
2853542034
1109387965476810752
21794771
1107124100361830401
2163740156
198998832
964605500
1108955352760868865
1109235230949498881
1049271808992731136
1352151414
2956497354
78254535
180857802
4484198895
976436988780957696
912364157734998020
515619408
394375840
513087444
1109488105336254464
1106744494437949440
1085753031197634560
369296742
212348830
333842603
470718608
543494872
4031412681
133809389
1109789334
610848563
1105281373940707329
1102838743109681152
2578281805
1106674128931704832
2160757082
82190513
1108860630218522625
1109230946618933248
150416207
1856398910
2366806572
790205362628624384
768249371049725952
475300570
1029086987175702529
25818756
915448022
469941170
86180383
1260203245
139971982
726677821616099328
1544671820
193148709
139739303
110037948
394529843
961788598969249792
545408584
1664042466
254766873
246676634
906245916
2318727602
2617081205
546130442
159124874
4893403029
2147943686
119554759
956179316
1110077506286178304
3124509220
4867623274
584313335
1633066681
83273350
91855135
1008874971790077952
347637530
1106492000860282881
860171376686137344
358679972
841283531707949056
384669000
1658766511
2739051501
4365164303
3303360016
972301289768992769
1100181629799153665
713889934147325952
865964074454134784
1611285116
1462969034
59564440
3235579494
358941413
460512385
368384130
1101222415152013312
3386055663
201343110
252441393
1487927149
2415880032
2332149601
838297445628989440
2575090648
1246480201
1106734740839628801
924165211468136448
1180125049
243374620
32877120
944730410
232164429
1076471464147255296
944300363284467712
3423354520
3124401687
2853542034
811262828
352608944
508125587
4867623274
1090402094861807616
210176088
966035597533032454
2318727602
2147943686
1110077506286178304
938702706323197953
817204040488521728
1100181629799153665
713889934147325952
1097271408755908609
260761233
1200078074
224306357
821314101498548224
2838283974
2675731890
150885894
749823683724734465
169555226
733779501117800448
21784241
351737181
856633508
1105099548404269056
1060538815578816513
712219686285365248
2416619695
1064063686464204800
2721082394
731844484972064768
2861716135
50904814
19428788
576674969
1474619551
412675340
37227993
896927276
2809834164
1533608779
3303360016
3100332925
2193943409
1094276179442294785
35534490
2500233264
15730577
807401610565611520
2318637438
792968324
2592878342
172804988
373099660
1081260207848779776
3271290787
53328242
566797932
822492199
794988917724483584
966035597533032454
1110077506286178304
1083112993
817204040488521728
1100181629799153665
2344648615
1064063686464204800
1728319844
2975002583
531899098
2952975879
1081260207848779776
2988129328
3271290787
838665146
838635106369585152
79847356
182828431
1716077071
575349562
972301289768992769
1038290547688042496
1019104691240620032
707982116475293697
2802364318
25081451
279775332
204273771
340555756
926049255755788288
2194811094
2917151264
193581140
2280483205
143559440
1085309727930753024
713470907189174273
984205664514748416
780519055606317056
928996404068052992
3285063540
401144800
23306308
3311047496
839969947640029190
745313191366778881
550763387
1345205954
40293637
2736416765
835775830777294848
37227993
2147943686
1110077506286178304
879879254917341184
2442369455
817204040488521728
1100181629799153665
15753308
2344648615
50904814
531899098
159107400
1081260207848779776
3271290787
566797932
182828431
972301289768992769
769204085430030336
20473839
622831664
2280483205
143559440
223782920
190408841
713470907189174273
2720553739
1098342402266488832
401144800
2450687876
550763387
119954789
593342213
935153140650991616
2937467459
1059053418780807168
362403708
824277590928191488
2393447646
742478529430855680
373099660
829732658141872129
794988917724483584
57933288
903362209929146371
953839623511343104
345364248
103757686
2929801194
1538880553
704464154
42789815
568452507
840535595793305602
152564846
547804990
811262828
352608944
877747024627720194
1017331615700316161
1108447021197942785
2147943686
1060820071315058689
3183930869
1110077506286178304
3114075276
3303360016
3423354520
620152371
798160356
531899098
1081260207848779776
3271290787
941288701220524032
972301289768992769
559977079
2969799154
36432530
52866920
2808663940
2280483205
2902031154
503923030
981047408992964608
162843712
509002720
590783684
401144800
2242525406
368760126
794988917724483584
903362209929146371
776676061
806303667150143488
43496266
1015861700610985984
1526333936
14593359
13683032
40932856
209262258
1012654387
856633508
159107400
963743501744734208
152564846
138553502
30500349
250295256
147304873
2861716135
352608944
1102381916597207040
104426772
295347607
1412878470
1110077506286178304
2951774920
78646740
752283498740903936
460190260
1073225402712252417
1289735922
886505934788243456
583131735
566797932
619374637
767729968990212096
99114496
3149952455
1372080782
784128596331864064
551861275
810401467
1225121028
709041660
500514589
3309046074
760413672585981953
916117188695724038
22909224
3107469687
1095388308
748290402
1086650466
935153140650991616
466790264
2687147346
184606249
714188162705264641
770075762984706048
3056699579
2767353689
365371868
288443363
3239461619
876415415341240320
2411284875
554516201
3415687966
2853542034
811262828
352608944
263268117
87545628
2318727602
1110152168982675457
1110077506286178304
78646740
4371629056
938162064308232197
566797932
1894210099
856946150
4468336513
1462969034
42967757
903362209929146371
856633508
159107400
2774710483
2616394622
940927164
1097558029313212416
765635606663745537
1102320005729857537
3342334983
466250777
4747931751
1102566633342754817
891571828489158656
161557898
4218436713
834660282
713470907189174273
1031399456531472390
92309575
85086671
1027379881
37227993
3926533409
1082126170081116161
38559464
2853542034
811262828
352608944
273963251
263268117
4383889640
3171130015
1108911334165499905
520363976
1412754547
1112815821913505792
2318727602
595032951
292855562
1079410136085598208
1110077506286178304
2774841868
1098547304070606848
490958030
1030625757251465217
42355170
32232749
2954306360
377193932
235843330
2473799516
3286838641
217730838
2895986614
1071868955168509952
286005626
513278476
938162064308232197
54854257
999567844290519041
1478052745
2358377887
348311335
1363253922
2612162046
41643182
96796056
3271290787
142951101
75541453
892760819355791362
1478812099
365729910
1272354308
941288701220524032
2290303904
100112933
1701229292
2183257817
102467775
882178652447834112
223933317
708242533927788544
1250586572
1110077506286178304
897068541454815235
119954789
780189906265964544
17423554
17203795
1097677349246693376
101008921
792435234361016320
29577894
367912186
1085002042966491136
3107504046
2405895025
3310009724
308414193
1085197973028519936
856633508
776116626521370628
1462969034
18702734
2742345388
1474619551
39515245
877933381836734464
1030454022807977985
23306308
4887706444
841283531707949056
4710711201
373099660
37529641
4428618915
1015695944451592192
37227993
2814630924
165105311
159107400
959536733900738560
35969383
1110077506286178304
3236217205
566797932
2509672448
89060869
468732172
990506499397971969
254818810
100429068
310000473
409651403
3982160429
3165888567
2260654183
29577894
69733322
1092964975000334336
823252933609398273
2843369734
3069367930
595529602
571824537
263925257
917717345442959361
838232557
3012811346
1727903328
245856354
4869028869
999374078048845824
1452091148
1100181629799153665
147167248
705016053223419904
2266776573
2373289072
841283531707949056
357600539
177752743
378395470
592301376
190277297
4428618915
1445123432
62575025
2895262585
729364373777448960
162817516
485063656
471362047
128359923
101075484
1008233852815511552
1110077506286178304
1084483137072234496
29577894
3012811346
4428618915
1032790169508696065
373099660
2239459724
586970558
2602291656
1017331615700316161
3271290787
36386515
781961216
972290668159782912
270391748
62637707
2814630924
370164876
965709969944297472
779671789
2790965750
246676634
1010452836
57947609
3243025541
1385227004
121542538
1416946164
550763387
4904829489
3926533409
2352498794
1032268530886930438
3146740677
438091883
465786445
2937467459
1076948888265916417
2878828759
838297445628989440
248499763
3051625112
972301289768992769
773131933685460992
152564846
856633508
3378295587
2584756632
1110077506286178304
953932780827688961
1099787412316831744
1894103203
1250885239
988865379824029696
4428618915
373099660
1311758442
27281240
586970558
995109048239325184
3872008851
3271290787
282593937
2933108992
82929475
781961216
628592542
613718312
972054519294013440
2814630924
2260654183
44758501
3057701278
119110767
2861716135
806303667150143488
293519448
57933288
121542538
29522873
184589098
595641593
2531695331
972301289768992769
856633508
433628523
2562009068
266170637
429456480
4850855200
2713002516
713889934147325952
754719311558680576
2416101108
3299939564
198629176
2457231271
