34781412
34713362
17471979
861978654586228737
1002409579370536960
55355654
95418595
17060015
807095
34781412
1063530418744356865
929776891866869760
830154425452920834
750366228330471424
20582958
1353239161
16530707
54667032
280716675
606580790
830154425452920834
1063530418744356865
38146999
786764
861978654586228737
19918353
18131006
306528990
2735591
87818409
830154425452920834
807095
34781412
1063530418744356865
830154425452920834
1063530418744356865
34781412
830154425452920834
861978654586228737
2347049341
830154425452920834
17471979
612473
34781412
1006419421244678144
20402945
14603515
830154425452920834
18713552
281746336
830154425452920834
2733320850
14266598
87818409
11856442
1880725393
27740227
807095
17810254
830154425452920834
281746336
22971125
247486443
2835498119
15492359
38146999
14293310
112475924
34317032
14603515
830154425452920834
17060015
19918353
60813201
20582958
4865442614
