702883524815294464
3144315580
27489567
754002587926528000
702883524815294464
52891634
995458317634830336
1008149760086142976
818677731047018496
25409756
132288724
793554834851069958
258979550
316068880
883848190289731585
2721538466
4122514821
2428823192
954998788245962752
629505000
21005942
2598253352
977565980313317383
17413707
702883524815294464
2755201581
1892810706
918841380344160256
1701021792
702883524815294464
2755201581
392034399
2428823192
17413707
1046901285386182658
185525153
4122514821
702883524815294464
1066246067950370816
68195206
793554834851069958
2992545650
17413707
185525153
1065570379
262226916
702883524815294464
702883524815294464
1892810706
2457027307
780959954593124352
702883524815294464
719908590153244672
702883524815294464
719908590153244672
2457027307
780959954593124352
1038159412794458112
987255266780565504
256162164
793554834851069958
892998590926401538
951935278016581632
2538467596
15734990
702883524815294464
719908590153244672
2457027307
1034250241875365888
242544801
218072162
2210593222
437085205
1701021792
26230407
50689258
2598253352
702883524815294464
2457027307
437085205
2598253352
793554834851069958
702883524815294464
437085205
14847096
862878495399059456
964680905481687043
719908590153244672
260184360
324999857
1106892325593206785
164387640
201626805
971458720667348993
1038159412794458112
702883524815294464
2457027307
789566880625389568
2210593222
39706973
793554834851069958
702883524815294464
437085205
215065076
702883524815294464
437085205
927562518440087552
1892810706
715626890
876022000912879616
702883524815294464
437085205
702883524815294464
437085205
1892810706
2457027307
702883524815294464
892998590926401538
1689574099
2992545650
437085205
14847096
702883524815294464
437085205
702883524815294464
2992545650
702883524815294464
26230407
41506069
702883524815294464
702883524815294464
702883524815294464
2457027307
2210593222
702883524815294464
310927691
702883524815294464
1096335576
92706411
702883524815294464
780959954593124352
1892810706
702883524815294464
1038159412794458112
702883524815294464
951935278016581632
2210593222
1038159412794458112
972353151956381696
2755201581
22663139
124584997
110204484
809389987691188226
92706411
702883524815294464
951935278016581632
2210593222
275074432
18535945
3276307908
2457027307
472958116
1022310824482930688
1892810706
793554834851069958
52545854
892998590926401538
702883524815294464
99523066
215065076
964873845663522816
2755201581
2210593222
951935278016581632
1065570379
702883524815294464
13083622
822577057
702883524815294464
2755201581
2210593222
951935278016581632
702883524815294464
702883524815294464
26230407
91930016
702883524815294464
940596021389938688
26230407
2457027307
702883524815294464
26230407
862878495399059456
702883524815294464
3003612837
2396778918
68638570
896073981534633984
260184360
84170579
298701234
3003612837
702883524815294464
1065570379
2759718593
468997161
2829597220
2457027307
793554834851069958
118103741
2992545650
741047000301371393
3003612837
26230407
2755201581
26230407
918841380344160256
298701234
50689258
756873048
747129637
917666345625329664
26230407
910088834842587136
2457027307
2457027307
26230407
995458317634830336
732292456054558720
26230407
1892810706
892998590926401538
1107972850802221058
1688590212
2349438444
780959954593124352
983595489881976833
780959954593124352
26230407
1107972850802221058
702883524815294464
2457027307
26230407
258979550
182848798
702883524815294464
50689258
2457027307
478770581
702883524815294464
2457027307
26230407
780959954593124352
2457027307
910088834842587136
357370201
1597887331
182848798
34744900
780959954593124352
2457027307
903726382559236096
633959002
182848798
390936754
2802993650
26230407
2326930662
3892237283
1697739619
3534346696
995458317634830336
927562518440087552
988618489
1065570379
1001236065577992193
804412190493003776
563996390
951935278016581632
3892237283
