1050865480704163841
3256261052
1078494272129765377
195725969
219719193
14628294
3161017323
27167353
2946893125
364758268
2178154140
3187418444
5382142
57394043
15329065
14091680
4905481628
99666250
976883030408261635
101287692
2313894878
390978069
17228182
279237455
131988806
1965381
55499897
29215069
717042249624854529
166511687
21830933
116849836
919523760
819688040755032065
437085205
19758321
498631199
893909122663501824
2278151360
394687493
559885724
445834480
3922425683
251955963
21874667
2992545650
960785661660975104
626242093
744336619407212544
18573262
777590535284547584
951935278016581632
551472560
16290662
20516587
876022000912879616
369862683
834199094751002624
2153467300
2425631579
4069524622
572463801
15950483
2396778918
15329921
330774080
140741383
138803733
158531038
1102586948437327872
733420803371372545
16825044
964680905481687043
1057281619583819776
14889137
21346868
1029938590065807360
29709397
1016127687176249345
1069497513009307648
21984234
15405142
941878411978567680
2178154140
4905481628
4540425672
995458317634830336
876022000912879616
2153467300
330774080
3534346696
1029938590065807360
21984234
182848798
2755201581
928682743898214402
1466392214
717042249624854529
964680905481687043
929940156223754241
1051468794898604032
281027747
326439288
886632522842615808
48438566
90783503
437085205
1554714942
3161017323
881919085008883715
27167353
1079084164794732544
2178154140
2999919372
26936315
959480363549675525
1099362594241036293
744623289901981696
3165888567
995458317634830336
27987027
186491516
251955963
960785661660975104
897879690
18573262
2488639729
619609462
1976898175
876022000912879616
2153467300
242544801
4905481628
2231994854
951935278016581632
21035733
323248050
49192905
2604365504
15950707
39911455
1019362639531651074
29140437
1097305584708317190
182848798
2755201581
2022441
928682743898214402
309414808
258979550
200607634
17202851
931942296798588929
2992545650
768882579894210560
15169547
29709397
1466392214
933624370924277760
390936754
158531038
3532426698
272338935
4906392970
887773501796610048
711006600312401920
1442141142
143136354
1051468794898604032
1061473912574271488
264846733
451261679
3436744151
494229690
330774080
1070423183906476032
798666202511855616
3804145933
2352295417
901196999621394433
964680905481687043
1020627011008540672
816875967335395328
21874667
872260703574523904
1554714942
1103530932517175296
2178154140
526672620
189033041
960785661660975104
876022000912879616
2153467300
138803733
4905481628
376329200
1037430778358054917
3534346696
2755201581
928682743898214402
3325332491
324999857
1057281619583819776
1466392214
158531038
131988806
272338935
995458317634830336
1061473912574271488
330774080
288753070
2352295417
964680905481687043
21874667
22663139
1701021792
2992545650
42086886
862878495399059456
794564370101633024
66496475
390936754
1338981888
876022000912879616
927370846523424768
369862683
57067975
2153467300
572463801
103709227
3454319062
286615330
927383229379825665
2857931361
1046901285386182658
395573126
36488310
279776805
39911455
523841218
926982921830916096
38810080
477490775
394665227
928682743898214402
288753070
735653410331054080
941878411978567680
995458317634830336
3325332491
1097189011
434650917
443470469
1109045107364413441
1466392214
426652187
1040046178489061377
1646818902
272338935
805504887043870721
383305870
991667331569827842
389637803
1077850600170127361
281027747
536894481
799191135902199808
817441988421308416
416381517
2999896580
3295312844
1061473912574271488
3296662702
3100977133
3436744151
330774080
875126145649397763
291077073
964680905481687043
814702687
21874667
4204095200
1027243368282185728
1572904094
4847480200
904364411594395648
2369761238
3450609793
1405934364
822341678
2755201581
821237440098795520
270692374
3237848663
2724260441
633286969
983423031866482688
987106692973330432
1001331853696126977
64538689
813916976951230464
490905792
271449212
778395909197402113
755067140672225280
2935140904
2727553718
1920413773
830446010505785345
886632522842615808
592940332
627568737
771025907683164160
363716595
2983458186
812337284917956608
973062977262903297
928054134883971072
4819174871
2302063879
3438877095
1575750570
788101584806776833
4105707875
880749783777980416
973799447347056641
2176786056
1035581079384518656
517215023
4479169955
785261441746173956
1961073090
846529348807086085
759964437826592768
1646438533
922561099257573377
920122401421123584
739274143
354272746
384947873
4911435833
2879608145
877273064257409024
2179224342
2516662807
1008560957977608192
485787738
854210162512470016
273651976
400974638
2160148682
2781099703
978356305659289600
2196565459
780495689952485376
933768386
3471212836
1739599717
1683439430
859700995789471744
77189228
2334435330
25790800
3231159327
833497045335961600
3075857801
4090831079
946165026
2888391627
1106917102550728704
17315451
912005376912093184
419884291
1554714942
3165888567
2178154140
19635991
115529891
767434591762276352
718470996899049472
138803733
390936754
451261679
1079084164794732544
928682743898214402
1093917036370108417
740055668
1057281619583819776
1466392214
737809648015663105
272338935
132893440
371793163
1004835077350621185
89669466
951935278016581632
330774080
288753070
1070423183906476032
3161017323
964680905481687043
873307613697523712
1937801605
21874667
931942296798588929
718258853952020480
2721538466
460943085
4705502727
876022000912879616
291690318
995458317634830336
2153467300
369862683
1069497513009307648
717042249624854529
619641274
1081873828521881600
3001601898
116904881
2992545650
1689516060
42086886
1061473912574271488
901196999621394433
4905481628
514306880
398464806
2890305516
30307650
191136448
158531038
3534346696
2865897271
3881676027
798666202511855616
985686123123949568
27167353
2352295417
2755201581
1380625604
1689574099
960785661660975104
437085205
2178154140
330774080
928682743898214402
1057281619583819776
1466392214
1392619356
964680905481687043
1031120824047206400
21874667
876022000912879616
2153467300
3161017323
2992545650
1061473912574271488
4905481628
3534346696
1029938590065807360
2755201581
893909122663501824
995458317634830336
2178154140
27987027
330774080
138803733
928682743898214402
1057281619583819776
1466392214
4030504947
964680905481687043
21874667
876022000912879616
1964871966
2153467300
1069497513009307648
3161017323
2992545650
1037679456746258433
985686123123949568
4905481628
87518322
87644488
2755201581
42086886
21091229
991667331569827842
995458317634830336
893909122663501824
740944586114105344
1067553335970955264
2352295417
2178154140
3100519862
885237142947078144
928682743898214402
4883670077
773501563629367296
1466392214
2277370373
910464280486694912
814723426149691393
330774080
1046667603861807105
964680905481687043
21874667
880505487828975616
876022000912879616
2153467300
1099234595906584576
24657895
407528077
2992545650
3534346696
966709201392173057
1046901285386182658
27167353
899047838654504960
2755201581
941878411978567680
4540425672
2420024394
991667331569827842
938415794647597056
995458317634830336
893909122663501824
4090288480
1067553335970955264
1079681761104326661
271449212
4019871623
432723925
18424276
56578704
1045776956225191936
220786729
1078494272129765377
67858971
25217427
751188626676051968
814214867934728192
2327829774
1792340054
2536299769
2590913185
1040526766257762304
17315451
1053269388273565696
301924805
729437042
1327945525
2269814114
1103466945322594304
2709541596
1061766296138858496
971848761491238913
845700573265612800
2283084073
1554714942
1678701169
27179975
1109363885432340480
1106792047896346625
818045448850001920
879375541
3456891450
783728502872891392
332379312
573274299
867141
282328639
26230407
248468898
712886221991596033
54528788
2225131633
1450063406
865984051932528641
266190238
777266794331602944
2178154140
860800209814777857
842814927379333120
864424521457176576
1003534959494066176
1538401237
149092464
961133107528204289
941878411978567680
2284336827
376002090
32998251
211000050
770718492899307526
137453894
881233307236806656
718688332541267968
3373637074
2178154140
2506398512
21091229
3172896873
27916075
742092365532254208
20490576
14715126
3429327070
878846675552534529
886049968460488704
928682743898214402
2969367928
65937383
3325332491
16740750
1090737584932876294
1051623553441906689
2691147012
2277370373
717193612669247488
272338935
532510742
79134934
1248041846
999246624915419136
1433720078
3434058526
1236563551
871485490725126145
1108119842706608128
3124875383
734917912402743296
909069188475555841
3237227527
21874667
855655339563171840
144090841
1078901296982179840
960984333459718144
801641900
170355822
942308439052648448
966876507418193925
368482549
886628873747779590
2153467300
1086314803520430080
563500789
158531038
818138690
237538522
2992545650
44980794
1017772855084355584
102800191
18199493
15952843
191312739
1096461292209164288
2755201581
893909122663501824
917506514746839041
1700214644
537263558
2515777925
888260022550929408
423697083
4540425672
871378884
407228224
886632522842615808
1554714942
2178154140
465250163
928682743898214402
21874667
876022000912879616
2153467300
228580991
135527083
369862683
1466392214
964680905481687043
330774080
260184360
717042249624854529
17862108
403616166
951935278016581632
2755201581
1008296232261783552
390936754
995458317634830336
941878411978567680
143136354
1613483958
854039108448026625
1051468794898604032
271449212
788101584806776833
619609462
1554714942
1849282573
208296906
897771985
332892734
286993315
48646349
789566880625389568
2178154140
718759439101206528
1046409061611307008
322876963
520969272
46606101
1048766127168475137
2369259613
958230330003148800
1038832216929914881
588192560
27314344
16466979
766407572
928682743898214402
437293959
263791330
2655415370
3203599707
991650646343540736
772471425076715520
79134934
2299416306
238236330
3219740900
1102754435267088384
956318434329006081
1005417259240755200
1392619356
1046667603861807105
32887308
746031663696642048
880505487828975616
816437861499240453
1087522599620538370
972995030179659777
872805229900726272
147854030
876022000912879616
50981303
2153467300
1069497513009307648
371562139
1512798344
16728281
479105266
721141066494189569
2992545650
720106224407207936
2995054444
838267618381352965
15406940
264808205
397971031
125193252
390491963
109599897
27167353
4760998936
1061473912574271488
21874667
876022000912879616
2153467300
2992545650
474358613
27167353
899047838654504960
1089663668650819585
313285183
265736238
369862683
1070737804152455168
1466392214
964680905481687043
766407572
871378884
116338044
304529885
14110211
3534346696
50480166
105817454
29451951
717042249624854529
245503109
1493608309
4540425672
1108532697582858242
951935278016581632
2755201581
1102934245708840960
592684906
68103620
858008137973903361
114994199
893909122663501824
936941980784918529
285433311
850212247
3037267282
407460993
2587499887
360289916
1386099648
2284218780
3033867631
1105951154704445447
1067553335970955264
4544335466
260184360
897771985
971515956
422441763
158531038
331791521
4122514821
1029938590065807360
2881311824
19479649
954442411031351297
4259235964
17862108
735653410331054080
15952843
853658041107009536
2178154140
666913
714095085898469376
944009537710968832
780686828642852865
1051468794898604032
131988806
542522919
52166491
716443564394225665
9348372
1554714942
1356875071
57067975
162527761
22639382
928682743898214402
2655415370
891513056555126785
14959568
1442141142
29603581
1392619356
1046667603861807105
1257794186
2179060410
1095995483300876296
872805229900726272
144568453
718140145724055552
3704728932
876022000912879616
2746176610
2153467300
383442597
841127952809046016
3542893638
2992545650
15406940
389981026
1129821565
376952412
817803763847221250
2857931361
2210593222
97781259
745855857116712961
996810653498249216
313285183
1413226310
265736238
3121042686
1735086272
17201987
29423722
1466392214
964680905481687043
4731017782
619440393
871378884
165907618
2194698562
402954307
3534346696
881919085008883715
438982451
46920276
212438645
962432319863758849
14639500
845106166216736768
862878495399059456
112101861
29451951
717042249624854529
21874667
1046150449571745793
899047838654504960
3349407275
65519604
274830959
266068180
885237142947078144
2655415370
1046667603861807105
764663039362826241
27167353
899047838654504960
821990459891478529
152335167
766407572
1376128814
3534346696
951935278016581632
2755201581
1102934245708840960
437085205
1234401576
1105997189203976192
40257423
876022000912879616
943935211607179264
893909122663501824
2153467300
7778772
756749091686780928
867086011
20885007
351461484
700210980
695317057555034114
834672494
61780585
770961186850562049
1609860572
1466392214
228651813
1067347820729049088
309414808
30631605
15031356
710570937209368576
547894545
871378884
1061473912574271488
846029859226877953
355153617
776683060494336000
15257996
1099664506278633473
814723426149691393
3161017323
416360563
845499075625717761
432147673
948605948494573568
1338981888
966010354521202689
87644488
22156008
434944818
489061649
1689574099
971064578472787968
1054515231299457024
517291426
324309011
4099483695
4540425672
705390109240197120
182848798
1443038144
27167353
159241042
871378884
50480166
951935278016581632
2755201581
1102934245708840960
1043851084081614848
182848798
876022000912879616
893909122663501824
2153467300
2527079689
696437019778482176
1466392214
4905481628
718470996899049472
2352295417
1029938590065807360
288753070
937187596991594498
3534346696
4204095200
21874667
2178154140
928682743898214402
4449855507
330774080
46157134
964680905481687043
286615330
960785661660975104
326439288
1442141142
1008296232261783552
277154059
1085610572685737984
1067553335970955264
2819230123
1701021792
2489175402
63961975
143760314
1054377568936255488
134292653
156904708
1016127687176249345
158554978
208976840
48453084
2992545650
27167353
105817454
2755201581
395786473
2443414020
876022000912879616
2153467300
2527079689
1466392214
4905481628
951935278016581632
1013507406
740944586114105344
774536382777659392
25592673
3534346696
47094308
848050026186027010
63457904
2178154140
2302420747
928682743898214402
131988806
539618714
1448372768
330774080
1225998960
921721442550480901
964680905481687043
960785661660975104
1552562646
1442141142
999632398525530114
1701021792
22348273
13083622
704163622679764992
954736082
111719947
147887526
1177605036
218072162
881039843949559808
910029826085478400
296070902
570774918
995458317634830336
717042249624854529
310052774
560174496
260184360
223888503
951935278016581632
2153467300
46157134
534633386
310052774
4905481628
991667331569827842
960785661660975104
2465503964
2992545650
1090151277957443589
1108027439589007360
400652386
704835627183788032
3534346696
16150857
928682743898214402
2755201581
2231994854
330774080
1046901285386182658
143819270
2352295417
876022000912879616
711006600312401920
995458317634830336
964680905481687043
1466392214
1057281619583819776
2178154140
1101171473769619456
1093931731160305667
1051468794898604032
17801819
2252250183
2420536537
1155342968
335331718
90758628
1105469332623110149
2408211214
924165211468136448
941878411978567680
65676137
470442659
370441594
122891959
1010470230878023680
883000772602073088
928682743898214402
991667331569827842
893909122663501824
1061473912574271488
3243930811
2719674355
728286465776439296
808722602717872128
3048348746
876022000912879616
437085205
59881746
802858978988457984
393264911
2755201581
702266205818585088
1093931731160305667
501380125
36699129
21346868
1082250339510861825
995458317634830336
330774080
21874667
1051468794898604032
405062939
21106016
1094315745792704513
901196999621394433
1025678598857019396
326439288
2782601817
619609462
1639338571
2153467300
798666202511855616
726765742528585728
42086886
3333624183
964680905481687043
925120756538855430
310052774
2178154140
614553260
273575414
56110169
4610125512
329749683
572463801
1016127687176249345
960785661660975104
343251837
764992357
133130178
19525888
746247276
1545159954
924165211468136448
944286491542355968
145946165
37036026
289374333
65676137
342744080
523819390
838029302608318464
2447737254
2235701286
928682743898214402
991667331569827842
2905542734
314119410
1075688973920624640
1061473912574271488
522199086
2500808958
3001601898
2719674355
21874667
808722602717872128
732491355935531008
566525338
876022000912879616
3534346696
4760929034
1042084686103756805
3017799619
802858978988457984
1387646520
2755201581
371198658
702266205818585088
1093931731160305667
330774080
1439854788
614096720
4314243194
294871877
2396290106
4076692812
995458317634830336
1067347820729049088
78769154
771068380128436224
1222440998
28022718
2428823192
405062939
3375446243
21106016
182848798
1025678598857019396
2782601817
619609462
131988806
2153467300
798666202511855616
497442227
726765742528585728
888638440803360768
3333624183
500360024
1045259428646322177
964680905481687043
310052774
2178154140
273575414
329749683
931942296798588929
706663514845401088
583161405
2727909936
2352295417
3346162031
19525888
960785661660975104
1222440998
1043851084081614848
1545159954
450854239
9348372
924165211468136448
991667331569827842
944286491542355968
37036026
3831652033
3167089055
36213048
807555730010083328
838029302608318464
928682743898214402
893909122663501824
3001601898
21874667
1107493220999585794
822843980236914688
876022000912879616
27987027
846370622473224192
870658785399930881
2755201581
713010560569356289
874593284
995458317634830336
330774080
857761546902003712
400772213
728215856056963072
28022718
124005931
2879340982
405062939
3375446243
21106016
182848798
2721538466
1272059598
4676387292
131988806
2153467300
538168241
962199109636624384
1045259428646322177
2438145144
964680905481687043
310052774
913243165573898241
1129821565
1060358110844465152
2178154140
273575414
572463801
706663514845401088
2551758512
343251837
2352295417
2964294621
2727909936
948952482876665856
4039714994
26230407
960785661660975104
1051468794898604032
42086886
19525888
65676137
971025321985236992
342744080
3167089055
1094370081105014784
122891959
797898860114939904
838029302608318464
108686637
727182129231192066
883000772602073088
928682743898214402
893909122663501824
997848278
708996773793161216
541772010
1061473912574271488
715178106982678528
769747616682815489
21874667
61780585
808722602717872128
1275841892
732491355935531008
876022000912879616
59881746
1080271836
3534346696
846370622473224192
1042084686103756805
1387646520
802858978988457984
870658785399930881
2755201581
702266205818585088
1093931731160305667
1483267873
51797445
17880018
811313318816346116
2778208071
36699129
2965503157
951935278016581632
21346868
2864353037
2396290106
995458317634830336
330774080
3100612637
484285360
78769154
894733772612096001
1080489386427498496
318235523
1318461283
50869452
1222440998
2428823192
405062939
2990176088
2879340982
56890100
3375446243
807555730010083328
103720918
407460993
21106016
545618213
889991490658762752
1025678598857019396
3422942434
978779363461214209
81076399
619609462
4676387292
54049827
240923719
17748737
923349976503259137
2153467300
726765742528585728
1070118403
65676137
1026576745
87442229
838029302608318464
636207177
624778407
883000772602073088
928682743898214402
1055178530064158720
1097249845818150913
1061473912574271488
2719674355
21874667
61780585
808722602717872128
1275841892
876022000912879616
820836718735740928
3534346696
775910869620359168
1042084686103756805
1387646520
802858978988457984
2755201581
702266205818585088
1093931731160305667
260848405
203782259
286615330
1679917518
985686123123949568
2925253178
792258935625572354
437815396
995458317634830336
330774080
791842766
17682422
1036730898971090944
182848798
405062939
2879340982
2889733558
21106016
545618213
889991490658762752
1025678598857019396
2600027024
901196999621394433
619609462
805649010312773634
841095440946888705
1010250239557554176
2153467300
726765742528585728
15052079
310052774
614553260
329749683
2178154140
2727909936
2958027332
209396725
209270345
154256926
980280604112465922
864889703958421504
960785661660975104
561833954
22770895
1098981591337046016
2217000644
931942296798588929
893909122663501824
849463518361473024
131988806
702013483
964680905481687043
19525888
4749258313
349410455
360566347
1080200153015902208
3024542481
3519021853
986382050
3279516319
2841123036
3072408265
84361614
2832155779
4886153638
850063136
4111519882
422441763
792003478809968640
708726072129490945
4019871623
330100050
343866604
1107164832992763904
1105591897018519552
142455051
870582308495142912
772894105
1087060588533039104
837913784
2967706486
1086325400974880769
733787784
718647351
174393301
1614993181
1886318323
2865033678
875764974479695872
207201456
865707851167272961
1110957382207787010
1045294303239688192
96822062
4025300172
2327829774
2191622247
1110873606031065088
709169233
1069471611563270145
1099583642710523904
534811801
192819413
986684222567014400
1041126356648701953
2166478723
841669243468972032
91357589
1084456054384136192
67136173
793474766258708480
4149472576
734399528908951554
90182089
2324991210
390938137
1099475447312658432
34653861
991241371251040256
718463227542310912
954769067797295104
1107589288382947328
2537786466
92444980
924165211468136448
3831652033
838029302608318464
1003605479023620096
928682743898214402
21874667
1335341562
437085205
835582779773472769
3534346696
2755201581
36699129
21346868
330774080
995458317634830336
405062939
2819230123
1272059598
2153467300
1045259428646322177
310052774
2178154140
1034250241875365888
948952482876665856
2727909936
893909122663501824
901196999621394433
1051468794898604032
497442227
2352295417
541772010
1094339921324716038
572463801
42086886
1060358110844465152
964680905481687043
960785661660975104
19525888
924165211468136448
941878411978567680
928682743898214402
21874667
437085205
3534346696
2755201581
21346868
995458317634830336
330774080
405062939
2153467300
310052774
2178154140
2727909936
893909122663501824
1078735468597035008
572463801
964680905481687043
1094339921324716038
19525888
1491325201
924165211468136448
941878411978567680
807555730010083328
928682743898214402
21874667
437085205
846370622473224192
2755201581
2983464173
36699129
995458317634830336
330774080
405062939
2879340982
2668709216
2810734639
2721538466
2153467300
310052774
913243165573898241
2178154140
15986899
948952482876665856
717042249624854529
4910796250
893909122663501824
1060358110844465152
42086886
131988806
964680905481687043
798666202511855616
19525888
740944586114105344
858915119979520002
1075688973920624640
3067561753
805917588
993520008
984605809
2965503157
991667331569827842
37036026
407263835
963209387333636096
92570825
1335341562
1270727232
522353233
43186982
39911455
17885604
754922176227250176
885471236175704066
11211372
838924627434962944
944286491542355968
58070887
183480925
838029302608318464
738624266
1010470230878023680
928682743898214402
280896107
352562477
752958139
827386753732349952
21874667
2428823192
1019733612567068674
96222262
913777684735545345
209861710
1029914349853442051
437085205
2755201581
113025007
2983464173
874593284
501380125
588192560
951935278016581632
21346868
733381231342170113
82431632
33917189
1067319476310413312
3207835725
588813228
200192475
995458317634830336
330774080
702603172678864897
17682422
378208181
811199802042122240
4910796250
59086082
405062939
3105740189
3384956363
2879340982
3375446243
807555730010083328
22396170
36699129
1272059598
2721538466
707279307140427776
69931121
626092804
144976713
4676387292
2638809573
11840562
124005931
2380622735
349924960
2153467300
3017833915
15092155
450854239
37036026
899179149453127680
928682743898214402
21874667
1335341562
1937801605
932687611
2755201581
4039714994
565667652
200192475
995458317634830336
405062939
555130986
2153467300
234398365
839805241
310052774
2178154140
15986899
1086943895857098752
948952482876665856
182848798
131988806
606796588
1060358110844465152
597238060
1060192279661568000
1004623575901523969
973026932
706437134589300736
901196999621394433
798666202511855616
605858565
834635170137460736
859451612
960785661660975104
746247276
893909122663501824
964680905481687043
42086886
1016127687176249345
962199109636624384
19525888
271449212
788101584806776833
858915119979520002
870703224503664643
2527079689
85569621
1849282573
134292653
2903048094
450854239
888820443490209792
989719368631111680
1176604015
2720197230
37036026
806078116657500160
2510685746
106771090
817795826219159552
15986899
17353627
48438566
280848678
385057602
17682422
984077496290291712
2354291
289488116
121953044
811203122756550656
21527234
38499142
223140922
122891959
183480925
496376698
75918379
928682743898214402
21874667
1019733612567068674
61780585
109599897
519836415
1335341562
437085205
846370622473224192
45722064
2983464173
374302441
2755201581
3534346696
39911455
39867577
501380125
105678198
2778208071
24262649
40261738
951935278016581632
33917189
565667652
345189958
6065352
2319194235
330774080
995458317634830336
232687998
1414403508
636533941
758221934970675200
109048376
36699129
1075392093613285376
1917619831
407263835
81756063
405062939
3375446243
190347659
807555730010083328
928682743898214402
437085205
2755201581
330774080
995458317634830336
2153467300
2178154140
1236563551
1079084164794732544
798666202511855616
893909122663501824
964680905481687043
15092155
450854239
991667331569827842
43186982
3831652033
362287350
944286491542355968
838029302608318464
928682743898214402
21874667
61780585
352562477
425862944
3534346696
4039714994
4632878294
330774080
995458317634830336
405062939
135527083
1272059598
1473977258
16369804
2153467300
802858978988457984
310052774
1045259428646322177
420257584
124005931
2178154140
15986899
289983232
2727909936
1236563551
1053163074323210241
92356429
1060358110844465152
492067643
112281921
309414808
798666202511855616
28022718
746247276
2241150253
962199109636624384
14148490
909304191117651968
706663514845401088
606796588
385057602
2879340982
131988806
42201214
572463801
893909122663501824
565667652
2601256000
964680905481687043
72521455
725741271248064512
129022696
960785661660975104
883117405
42086886
605858565
2755201581
2785414250
1645763334
801199793674616833
3037783378
1016127687176249345
19525888
15952843
3407376472
2352295417
394687493
919523760
2795261368
515636297
572463801
48438566
724427394
169804169
928682743898214402
105057107
21874667
3436744151
822803807037845505
1466392214
2558138074
3213519535
995458317634830336
309414808
4540425672
2153467300
4905481628
2178154140
948952482876665856
729854022547603456
3240325915
729351359057821696
893909122663501824
2755201581
960785661660975104
964680905481687043
15092155
1473977258
125051306
468706269
1043851084081614848
3171730045
37036026
963209387333636096
85053603
838029302608318464
928682743898214402
21874667
1335341562
3436744151
1466392214
352562477
2983464173
39911455
40261738
82431632
209212383
330774080
995458317634830336
624519312
191156171
3375446243
1272059598
369862683
802858978988457984
310052774
124005931
2178154140
15986899
948952482876665856
2727909936
354801383
723961505587302400
273575414
272338935
955151008262508545
2551758512
746247276
1094339921324716038
885902485495435264
630573729
711971403382259713
14148490
2879340982
840765315214643201
42201214
893909122663501824
572463801
2755201581
42086886
2252250183
131988806
2350543808
231671163
1060180551544528897
1016127687176249345
964680905481687043
960785661660975104
2352295417
19525888
2153467300
271449212
1473977258
46606101
1043851084081614848
3067561753
963209387333636096
35241709
838029302608318464
928682743898214402
241840742
1018123170740613120
771141360
822803807037845505
1466392214
352562477
834068114857930752
1387646520
3223223454
410312128
132274065
4924468486
324309011
4883670077
66360883
98572564
2924720676
105678198
40261738
36699129
4855245006
209212383
21874667
330774080
965750081432428545
345189958
995458317634830336
242556256
956393773
405062939
755495220251234304
2748151223
807555730010083328
1025678598857019396
1091626358193631232
1272059598
1222440998
369862683
515428179
802858978988457984
4676387292
310052774
1045259428646322177
1121327156
3130037406
3900976213
614553260
124005931
1009904307397844992
2178154140
4915106266
15986899
862878495399059456
2577641078
2171285848
1655451073
785200940
2727909936
327520876
1090754900
271449212
46606101
47743935
1554714942
1012212567949873153
211720980
2992545650
1354333242
1097305584708317190
3167089055
775914859628158976
1100413234769788928
733420803371372545
981022880082178049
276633222
619609462
48257365
1079084164794732544
913448683
2153467300
561541130
2906316573
1006676938285432832
766437090
915090358572261376
4540425672
57394043
232965202
27421182
76739641
42658821
524958822
1074920025994248192
272338935
4539690012
148902059
46223338
1061717669399937025
780686828642852865
727182129231192066
2755201581
917506514746839041
330606437
3349150047
17051392
928682743898214402
1051468794898604032
607256673
799191135902199808
960785661660975104
89669466
2596333044
310052774
2763176663
2178154140
717042249624854529
538770335
1442141142
2380797947
1089663668650819585
3094269084
626242093
3165888567
330774080
1061473912574271488
871378884
17676767
1006917585919774724
1084444634674270209
3436744151
892973250501685248
1106670721718198273
61474259
1042084686103756805
1107518077405749248
271449212
788101584806776833
47743935
3525062115
15257996
46606101
1554714942
787883760163225601
247935183
1097305584708317190
1029894167734968321
2595170413
1031689865564495872
1099562831068975105
1465793628
948658790118772736
771501609352298496
920350030841700353
724427394
791030054553849856
775914859628158976
826496873045250048
16529915
981022880082178049
855686533
590968656
1012211033346330629
2732052913
859221661375021056
2792020042
123167817
784832154710585344
1087902236360036353
1096735946324754432
827925077819850753
990793180642766848
840177910124232705
975093186350772232
335625046
856588806
48257365
69931121
1006382373624320001
955616140042145792
486231737
1021543076504985600
69160529
913448683
2153467300
939415533342117889
3459076113
874269254887014402
453603746
3022854454
2192206178
2894257863
3291032176
797063882145558528
419221813
707169525343633408
1006676938285432832
754174258771791872
3306465542
2181381457
1074944126
2970946161
729488230412734464
4258151598
808611378038607873
934720614
127289951
881406785726406657
400479563
2153467300
4540425672
3100519862
2961010815
132893440
928682743898214402
740055668
960785661660975104
2178154140
1061473912574271488
21874667
19512290
382186077
893909122663501824
14395509
1466392214
995458317634830336
354683326
27046692
158531038
572463801
295723295
902378189053353985
876022000912879616
1079414184595546113
931942296798588929
542194310
404497677
1424640954
1024713434238267393
802858978988457984
2755201581
437085205
330774080
1089663668650819585
1030159054545604610
1016127687176249345
4905481628
897211944314183680
798666202511855616
369862683
10618512
128288109
1064643049891004416
131988806
2819230123
964680905481687043
4019871623
142455051
445834480
775902386946793472
2490090014
2327829774
1090051527836880898
2844049607
1106792047896346625
3456891450
1538401237
1735086272
1039718150307278848
1028855768437665792
1097038107382140928
3020709377
1049344643807174657
3522295033
1026048116435419136
281782585
242585392
1108095199694254085
2985173574
124751456
887346258268086272
248229152
159642842
834794827065749506
844029390405226496
410811585
195410486
2821116385
1097887870289756160
1547407358
1081867987479609344
2977658140
1246480201
1075870621710442497
2851625980
277469841
748046129602891776
1105469332623110149
1138286184
2278234898
4258151598
1103068139733037056
3280247424
2565092485
2238836472
82813174
308670101
948605948494573568
101066849
442650898
379098654
1072723078667472896
512814104
1092284576225882113
3861147614
808611378038607873
131417776
951931117980004353
962648001197105159
934720614
944055454698692609
164357062
1356421506
4019871623
142455051
448687863
995458317634830336
154294764
2490090014
991667331569827842
622410465
1849282573
149979111
1432431126
814671955337117696
2327829774
1090051527836880898
2755416285
271449212
1106792047896346625
94804216
3456891450
2888032645
364944403
2201964835
3494966415
1082758896673062914
3722660655
2247017134
3020709377
3185130667
788101584806776833
612027880
40923799
803050077660950528
747348707914354688
2775139190
3496344617
1108364174449668096
767888794737455104
90198470
902952444333830145
232725189
1547407358
517289862
1246480201
2851625980
2457027307
1105469332623110149
813169670643560448
1102586948437327872
1081429693268520960
1138286184
900342301528076288
1103068139733037056
823262105163956224
57133412
804743112887332868
3815992289
2565092485
926190117605097472
1047100738403483648
82813174
325290443
985686123123949568
122891959
2153467300
928682743898214402
310052774
2178154140
1466392214
995458317634830336
876022000912879616
2755201581
330774080
4905481628
437085205
182848798
272338935
957318771043127297
10618512
964680905481687043
343511971
1040526766257762304
995458317634830336
2153467300
4540425672
928682743898214402
310052774
2178154140
715178106982678528
740055668
1010470230878023680
893909122663501824
991667331569827842
1466392214
3100519862
876022000912879616
2755201581
330774080
4905481628
2252250183
182848798
1061473912574271488
838029302608318464
1442141142
798666202511855616
10618512
964680905481687043
2721538466
209088702
375724467
588192560
4653650173
2153467300
620999025
288753070
266274326
789566880625389568
4540425672
971651694374342656
928682743898214402
310052774
2178154140
717042249624854529
3294246147
1466392214
1374059611
995458317634830336
876022000912879616
931942296798588929
1034250241875365888
330774080
2755201581
4905481628
844849500015407104
437085205
2252250183
871378884
1084934534171365377
190162176
3240325915
767664591199465472
1689516060
1006102094
798666202511855616
838029302608318464
131291359
964680905481687043
19146923
369862683
987294701744279554
371793163
960785661660975104
1031120824047206400
740055668
485797089
1412067991
182848798
302045293
260184360
1067553335970955264
2994611423
7573192
79134934
901196999621394433
2153467300
4540425672
928682743898214402
310052774
2178154140
1466392214
995458317634830336
876022000912879616
2755201581
4905481628
437085205
1084934534171365377
1031120824047206400
798666202511855616
2721538466
182848798
1051468794898604032
330774080
960785661660975104
116904881
964680905481687043
451261679
985686123123949568
901196999621394433
1101456429494554624
2227072586
22921184
2345405211
2577185218
260848405
36095735
4657589896
2153467300
243237703
4540425672
918841380344160256
940614112823750657
37918423
928682743898214402
30970655
310052774
191045526
2178154140
1089510733778481152
21874667
771141360
143956809
870518390342811649
701938769814036480
1387646520
61359620
2833559887
1466392214
995458317634830336
862878495399059456
47062407
15188815
876022000912879616
296723387
989005237724827648
1315309260
2755201581
326730405
4905481628
1050122980464836608
71669835
437085205
1026576475527503872
128851241
913103910
780686828642852865
1073726433225256960
184355917
14088608
2173504827
273465530
823512042
1006917585919774724
139312970
2819230123
1431652938
885842788239233024
182848798
330774080
15419221
960785661660975104
964680905481687043
901196999621394433
18503469
25111140
176796842
1071124329788772353
2961010815
191156171
1495255746
68903248
867141
4258151598
1554714942
944286491542355968
980919514261893120
4540425672
14300009
1061717669399937025
3297206909
928682743898214402
310052774
2970589409
2178154140
4416802465
18138219
1466392214
995458317634830336
2501501245
339242260
3100519862
774327881262653440
27987027
2579765882
3165888567
2755201581
4905481628
2160389524
24545904
237384921
887076413001662465
718252820789665792
260848405
1472801035
718481832
242544801
497517028
804473440765964289
1442141142
2721538466
10618512
1352634332
42086886
776535996565364736
330774080
15086327
964680905481687043
960785661660975104
14607105
966709201392173057
605858565
2352295417
3537627681
272338935
19525888
2153467300
1051468794898604032
1630740098
1029938590065807360
565667652
1328161
783617757577293825
1168003310
2655415370
3100519862
1061717669399937025
928682743898214402
2178154140
964873845663522816
331791521
158531038
1466392214
995458317634830336
250468367
870703224503664643
3165888567
929872022083010560
35281370
4905481628
2160389524
2755201581
1126176133
42086886
776535996565364736
182848798
330774080
964680905481687043
325548116
7573192
2352295417
296074455
369862683
260184360
4037663712
1042691054
240923719
375724467
272338935
838029302608318464
1710021116
1161717457
740055668
1051468794898604032
390936754
960785661660975104
716619975172038657
310052774
3428962115
951935278016581632
1024713434238267393
1031120824047206400
798666202511855616
2153467300
66780532
1168003310
348920322
777726129306234881
2457027307
1246480201
548646654
127289951
3796765996
3300643571
3062442142
804318813470818304
46071409
3232816575
1092619160532574209
200607634
884789350780723201
423931126
1046667603861807105
132893440
48438566
462171206
4540425672
3010843547
3779582182
2655415370
627490600
520461082
1061717669399937025
3240325915
940614112823750657
834959679084249088
1016326392387010560
3243843075
928682743898214402
1183756416
21481517
2405332142
2178154140
425862944
286252834
2852778954
1085745982485266432
1977758508
1168709538
877946181158096899
825095348129402880
773501563629367296
451261679
728874125394116608
870518390342811649
3603639314
975357046236250113
464173109
2231132913
410312128
717025242950963200
29321385
16270571
61359620
2382530232
45293428
741404844
1466392214
3310530601
846619736
1053006792
588021074
995458317634830336
862878495399059456
203011818
463125055
62303000
2904150463
972038797
946160871381831680
713436057
346614645
803176681523527680
767034077186756608
3289892176
349281349
776402160
1025610262097932289
1556318881
708726072129490945
4019871623
879157705226809344
1094357302218555393
772894105
904781255509716992
2627473372
2327829774
901514466
986684222567014400
249354917
1082816172238594049
1072056023509319681
2257332193
262206210
1106792047896346625
43395700
716760178511724552
1041864791827128320
1049859583605239809
2596554950
1003152672491331585
402916001
1093966196716851205
3040808340
769787709711716353
56955244
1068974774548860929
3020709377
810311839
15514736
810067364012290048
1108790599468105728
992924916222742528
3522295033
2944769775
1095960204406149121
1682422268
3688841535
2930627945
3631860504
551096200
742675419388841985
9286102
814205442
1095062800903344128
876587675888881664
887346258268086272
2880027626
834794827065749506
844029390405226496
1568624808
2608624196
3535976069
2970306957
717275870272970753
2407971796
3507049403
1066564920899182593
931595723375771648
1027370120610373633
4019871623
821898138931720192
441930234
1955945814
755630068169310209
179293313
951620827073662976
994789516035620864
893849270
1108815517081628672
1082825710887227395
814205442
1095062800903344128
2574318829
68903248
3507049403
3109530699
1066564920899182593
2851625980
22193705
857878866
36213048
281027747
75827729
3405472912
197733266
905632604015263748
1049334356047745024
28764459
898296570
821612545131823104
1091441559487291393
867141
1107284131812130818
1016326392387010560
921725912542007296
799191135902199808
2589349554
914935346198044672
4603869519
781892746701398016
824710219057885184
733348896798203904
89617016
1105545794847891456
61359620
3062324784
859939765138972672
269040391
2230339081
845650173648785409
1017564760399925248
14745023
712512058651189250
58598931
2510062212
755927057289187328
38810080
986620204846407682
48217443
776535996565364736
2328172529
4019871623
2564497490
2327829774
242329522
2266793934
266190238
35296993
574361551
957391723910574081
2575050767
293866429
2957502571
3325332491
22594853
321113566
3131170948
355085321
2851625980
1554714942
188917994
27167353
1966920800
865707851167272961
442650898
440296657
3221362324
21338399
390120281
220786729
36213048
1012832790579163137
787874722000277504
57555161
2594122401
889137184334389251
53981095
933052851970027520
872088980
1027741476
29726487
483380640
813158515699314688
985627256801386496
907538498726629376
1107377931482001408
1088588933120905217
898296570
1978249892
20412841
1040526766257762304
936239934268166145
1485543180
79279264
1656878749
198747206
434506881
462171206
1471040653
225470582
4540425672
4024867994
3146516952
1004636485
489997714
2500233264
1145656920
104876375
772090518260092928
335512542
858507045250662400
92701998
35401708
22242133
16304409
1017932524075401217
747348707914354688
107597846
2909721268
1061473912574271488
190319305
630087482
986588605605924864
885237142947078144
883575212813438976
286615330
3414604859
771141360
619609462
966709201392173057
260848405
28068541
2766407345
8535862
1070398383335067654
834229333191299073
393264911
417435849
730751014312247296
3161017323
3100519862
985686123123949568
2439448694
2997272474
1069585540700356609
1183756416
538243382
968200251847925760
164826970
2582803338
970255824
3001601898
3255904026
847956504493907968
2352295417
886140988476997633
898620638071595009
247791137
765678249221427205
3145822244
871378884
1018941130065489921
977783468238295040
795250405093605376
29177880
841721685208399873
1466028402
25103116
406547544
1272059598
3062324784
514526926
4540425672
79134934
1001904913415311361
182848798
721884260265648128
538364887
3288857757
605858565
1076420126851751936
919523760
722778475392663554
714239750929051648
2775653196
610926883
1061473912574271488
310052774
885237142947078144
4540425672
125532099
1103530932517175296
765678249221427205
931942296798588929
1007217656
3896330119
995458317634830336
1392619356
1067553335970955264
4905481628
2153467300
44284803
2800316106
21106016
4653650173
361053127
876022000912879616
928682743898214402
1466392214
2178154140
158531038
964680905481687043
960785661660975104
1442141142
3391614394
2755201581
702945998411272192
296070902
844378548244824065
798666202511855616
16459899
326439288
1043497276931371008
68670680
1162994005
99926020
977865800345378816
94772267
123781702
135087827
1979061332
2730066268
1182124070
2300128742
479172481
75382184
869972009161064448
2809738423
490621613
98833529
141862658
23080744
128113330
581872485
33474085
3293715644
398567443
2428908607
171415280
96693414
718719556060114944
448516237
348948184
306183549
1915331874
380211394
110671869
3166187198
1971535062
2877768276
579674397
974981199796948992
426766477
20754167
341351257
29162871
2905568262
914368585685909504
182292408
144177148
45291791
83820073
752112634502057984
32952301
860926388
546642163
3238073624
3243098270
3107402131
1103914046653325312
2862346537
781155555146596352
98664110
2926873476
195203855
2308295016
1331675258
380927048
80018973
55207213
2189644788
164939526
1071764401508601856
733193382131040256
474638321
75242296
2305116866
26693562
35681402
101781931
734399528908951554
1041525235282075649
810994318085386241
980141675896102917
100276190
345844003
402916001
3239333811
390317834
1043867138388361216
2572640725
404495227
2837570440
3058211587
3391587267
956318434329006081
54424465
562856499
916725476244238336
1032410325138763776
164533664
797454867098980354
914808312406753280
57271832
1074867054363230208
610926883
2660041284
855608349949296640
374734978
1061473912574271488
77786418
950284206042767362
770703043792896000
810690437996539904
310052774
1611351199
796525009229451268
611856291
1275058232
707169525343633408
1019733612567068674
635121156
1070423183906476032
827386753732349952
885237142947078144
769174434204749824
4540425672
619609462
827610608350658560
903726382559236096
804318813470818304
2718622533
732198845031931905
1002534591108960257
913448683
135527083
3176839844
3302027698
765678249221427205
1062468897465659393
931942296798588929
605858565
534938258
2982029017
935626330879741952
995458317634830336
1050102760065126400
437085205
2437529377
728306973423316993
2326930662
1237792082
399423383
191307238
4068695250
2382000980
3896330119
2777561372
3182714933
791464251894460416
1707511159
401531993
203939573
1968958566
859463784896835587
3018151000
1047943158
905808922245771264
721146138
3124563683
896276440752246784
2178783619
744448238
433241151
2377963723
2423805162
2555583654
1952078401
2633440030
702945998411272192
123765710
2484057433
766407572
302520525
387278323
796074195646091264
734399528908951554
803245007926951936
223227801
4348948222
744984678571085824
853482294
368919191
923383152
411930563
1028769032470577152
824654308545351680
2841340464
731853043034161152
998567238843105280
28446234
746994268531679233
67082528
235072063
2550004118
957047562086776833
976870160
1085042497120653312
1037605462546558977
261135894
281143222
326439288
1017266539
4249257795
1272793902
390360044
2993467342
2772677308
327475722
1361291570
138055457
805606296
887773501796610048
3240819298
2950562651
1701470779
801199793674616833
